0.2418709248304367
0.020157501101493835
0.01862042397260666
0.01596183143556118
0.015003231354057789
0.014776055701076984
0.01430464070290327
0.013775027357041836
0.013185854069888592
0.013106509111821651
0.01298084482550621
0.012964763678610325
0.012946360744535923
0.012929084710776806
0.01291409321129322
0.012877115979790688
0.012869013473391533
0.012859746813774109
0.012668287381529808
0.012660050764679909
0.01264827512204647
0.012619968503713608
0.012614063918590546
0.012546547688543797
0.012531098909676075
0.012529909610748291
0.012527531012892723
0.012394796125590801
0.012361088767647743
0.012324870564043522
0.012312774546444416
0.012311563827097416
0.01231035403907299
0.012272772379219532
0.012267914600670338
0.012261839583516121
0.012256978079676628
0.012205810286104679
0.012200926430523396
0.012182592414319515
0.012161781080067158
0.01215810514986515
0.012150749564170837
0.01212619710713625
0.012124968692660332
0.012079411186277866
0.012076943181455135
0.012018812820315361
0.01200268417596817
0.012001442722976208
0.011960399337112904
0.011956661008298397
0.011955414898693562
0.011954167857766151
0.011952921748161316
### epochs: 103900
