0.210235133767128
0.012347519397735596
0.010230992920696735
0.009381959214806557
0.008639871142804623
0.008458600379526615
0.008078805170953274
0.00798091571778059
0.00797998160123825
0.007905407808721066
0.007876137271523476
0.007851028814911842
0.007825364358723164
0.0077170259319245815
0.007706398610025644
0.007702530361711979
0.00769962789490819
0.007677339483052492
0.007674427703022957
0.007672485895454884
0.007671028841286898
0.00766908610239625
0.007668600417673588
0.007662282790988684
0.007659851107746363
0.007657905574887991
0.007649144157767296
0.0076462216675281525
0.007643785327672958
0.007639885414391756
0.007638422306627035
0.007636471185833216
0.007590476889163256
0.00758556742221117
0.007579672150313854
0.007578197401016951
0.007551605347543955
0.007550125475972891
0.007549631875008345
0.007544695865362883
0.007543708197772503
0.007543214596807957
### epochs: 103900
