0.05158483237028122
0.00046319514513015747
0.0003470107913017273
0.0003108680248260498
0.00030682235956192017
0.00028670579195022583
0.00025334209203720093
0.00018811970949172974
0.0001867339015007019
0.00017514079809188843
0.00017432868480682373
0.0001731663942337036
0.00017129629850387573
0.00015623122453689575
0.0001550540328025818
0.00015145540237426758
0.00015010684728622437
0.00014998763799667358
0.0001499280333518982
0.00014347583055496216
0.00014268606901168823
0.00014181435108184814
0.000141046941280365
0.00014013797044754028
0.00013987720012664795
0.00013982504606246948
0.0001397356390953064
0.00013934820890426636
0.00013878941535949707
0.0001387670636177063
0.00013662129640579224
0.0001353248953819275
0.00013517588376998901
0.00013496726751327515
0.00013475865125656128
0.00013449043035507202
0.00013367831707000732
0.00013352185487747192
0.00013308972120285034
0.00013111531734466553
0.00013101845979690552
0.0001301988959312439
0.00013017654418945312
0.00013007968664169312
0.00013003498315811157
0.00012856721878051758
0.00012847036123275757
0.00012844055891036987
### epochs: 103900
