
0.2801653742790222
0.023750754073262215
0.016533205285668373
0.015625
0.015156394802033901
0.014327540062367916
0.012950964272022247
0.012844674289226532
0.012784206308424473
0.011456414125859737
0.010708844289183617
0.010568779893219471
0.010546197183430195
0.010495207272469997
0.010472466237843037
0.010432548820972443
0.0104153947904706
### epochs: 103900
0.06953458487987518
0.008410928770899773
0.0075039430521428585
0.007372443098574877
0.007278810255229473
0.007199076469987631
0.007136612664908171
0.007095287553966045
0.007074452470988035
0.006957974284887314
0.006915077101439238
0.006909283343702555
0.006867438554763794
0.0068655735813081264
0.006862792186439037
0.006849581841379404
0.006819466594606638
0.00681270333006978
0.006810071412473917
0.006807506550103426
0.006806275341659784
0.006789149716496468
0.006788874976336956
### epochs: 103900
