0.12107796221971512
0.0063388836570084095
0.0058172219432890415
0.005754202604293823
0.005693430081009865
0.005579961929470301
0.005561530124396086
0.00541495718061924
0.005384515039622784
0.005327525082975626
0.005187673959881067
0.005146669689565897
0.005110441707074642
0.005107068922370672
0.005103055387735367
0.005102051887661219
0.005100864917039871
0.005081841256469488
0.005078449379652739
0.005077762063592672
0.005077303387224674
0.005076615605503321
0.00506274588406086
0.0050623780116438866
0.005044224206358194
0.005038266535848379
0.0050375270657241344
0.005036833696067333
0.005026514641940594
0.00502646854147315
0.005025727208703756
0.005023410078138113
0.005016917362809181
0.005014364141970873
0.005013295914977789
0.005012506619095802
0.005011019762605429
0.005004138220101595
0.0050029749982059
0.004998878110200167
0.004998691845685244
0.0049985055811703205
0.004997666925191879
0.004992726258933544
0.004992259666323662
0.004986566491425037
0.004986006300896406
0.004985258914530277
0.0049848854541778564
0.004978341981768608
0.004977126140147448
0.004976985510438681
0.00493734423071146
0.004937061108648777
0.004933428484946489
0.00493257911875844
0.004932390060275793
0.004918776452541351
0.0049186344258487225
0.004918587394058704
0.004917782265692949
### epochs: 103900
