0.20715202391147614
0.011927337385714054
0.009574935771524906
0.009408525191247463
0.009028665721416473
0.008836828172206879
0.008763168938457966
0.008681594394147396
0.00859231036156416
0.008482350036501884
0.008436992764472961
0.00843345932662487
0.008431251160800457
0.008428157307207584
0.008382062427699566
0.008378950878977776
0.008378061465919018
0.008376282639801502
0.008361147716641426
0.008333925157785416
0.008329901844263077
0.008324980735778809
0.008322742767632008
0.008321399800479412
0.008319608867168427
0.0083151301369071
0.00831468217074871
0.00831333827227354
0.008292250335216522
0.008291351608932018
0.008287755772471428
0.008283260278403759
0.008234997279942036
0.00820326991379261
0.008201907388865948
0.008200091309845448
0.008199182339012623
0.008186450228095055
0.008185084909200668
0.008183719590306282
### epochs: 103900
