0.012999838218092918
8.64681787788868e-05
6.772205233573914e-05
6.29541464149952e-05
5.501648411154747e-05
5.083950236439705e-05
4.7000590711832047e-05
4.634726792573929e-05
4.522176459431648e-05
4.2947474867105484e-05
4.2844098061323166e-05
4.2426399886608124e-05
4.2323488742113113e-05
3.9612408727407455e-05
3.889249637722969e-05
3.8829632103443146e-05
3.8529280573129654e-05
3.748945891857147e-05
3.700749948620796e-05
3.57883982360363e-05
3.5614706575870514e-05
3.5419128835201263e-05
3.5410281270742416e-05
3.51746566593647e-05
3.4796539694070816e-05
3.470713272690773e-05
### epochs: 103900
