0.2139950692653656
0.03759567439556122
0.03719079867005348
0.03711700439453125
0.0370764322578907
0.036990728229284286
0.036354415118694305
0.03634457662701607
0.03634416684508324
0.036342937499284744
0.03634252771735191
0.0356491282582283
0.035648711025714874
0.035647038370370865
0.03564662113785744
0.035078175365924835
0.03507775068283081
0.035077325999736786
0.03419450670480728
0.03404383361339569
0.03401580825448036
0.03401274234056473
0.03401230275630951
0.03401186317205429
0.03401055186986923
0.03388896957039833
0.03388721123337746
0.03388633206486702
### epochs: 103900
