0.16006313264369965
0.026250367984175682
0.02550772950053215
0.025452464818954468
0.025239937007427216
0.025229603052139282
0.02522827498614788
0.02522812783718109
0.02410726435482502
0.023298807442188263
0.023298166692256927
0.02263491041958332
0.022634252905845642
0.022633923217654228
0.022633759304881096
0.022627172991633415
0.022534126415848732
0.02253396064043045
0.022533630952239037
0.022533465176820755
0.022533299401402473
0.02253313548862934
0.022291455417871475
0.022287946194410324
0.022287778556346893
0.022287612780928612
0.02228727750480175
0.02228710986673832
0.022286944091320038
0.02227724716067314
0.022276578471064568
0.022276410833001137
0.022276243194937706
0.022275909781455994
### epochs: 103900
