0.1263112723827362
0.016152940690517426
0.013737537898123264
0.013571267016232014
0.01330963522195816
0.013305909000337124
0.013293812051415443
0.01329230610281229
0.013290852308273315
0.013290291652083397
0.013290063478052616
0.013289852999150753
0.013289730995893478
0.013289661146700382
0.01328955590724945
0.013289468362927437
0.013289415277540684
0.01328932773321867
0.013289257884025574
0.013289240188896656
0.01328920479863882
0.013289188034832478
0.01328917033970356
0.01322430931031704
0.013224010355770588
0.01322379894554615
0.013223763555288315
0.013223640620708466
0.013223552145063877
0.01322353444993496
0.013223499059677124
0.01322341151535511
0.013223323039710522
0.013223305344581604
0.013223253190517426
0.01322321780025959
0.013223200105130672
0.01322314701974392
0.013120659627020359
0.013120340183377266
0.01312030479311943
0.013120287097990513
0.01312023401260376
0.013120198622345924
0.013120163232088089
0.0131200747564435
0.01312003843486309
0.013090885244309902
0.013090813532471657
0.013090689666569233
0.013090617954730988
0.013090494088828564
0.013090475462377071
0.013090422376990318
0.013090351596474648
0.013090298511087894
0.013090173713862896
0.01309013832360506
0.013089995831251144
0.013089960440993309
0.013089924119412899
0.013089888729155064
0.013089871034026146
0.01308983564376831
0.013089817948639393
0.013089800253510475
0.01308976486325264
0.013089746236801147
### epochs: 103900
