0.13689585030078888
0.018845612183213234
0.01880376972258091
0.017949149012565613
0.017151882871985435
0.017051981762051582
0.017021533101797104
0.01675206609070301
0.016474207863211632
0.01640228182077408
0.016304485499858856
0.01624315045773983
0.016060076653957367
0.015857692807912827
0.015734970569610596
0.015520806424319744
0.015455669723451138
0.015453213825821877
0.015446974895894527
0.015442120842635632
0.015325856395065784
0.015268017537891865
0.015208244323730469
0.015199209563434124
0.015194367617368698
0.01519387774169445
0.015193571336567402
0.015164165757596493
0.0151209132745862
0.01507125049829483
0.015064683742821217
0.015056443400681019
0.014998730272054672
0.014996773563325405
0.014993528835475445
0.01498577743768692
0.014979888685047626
0.014969486743211746
0.01495607290416956
0.01493507344275713
0.014934699051082134
0.014934106729924679
0.01493176817893982
0.014929709956049919
0.014929662458598614
0.014929257333278656
0.014929007738828659
0.014928961172699928
### epochs: 105000
