0.17367006838321686
0.02550802193582058
0.025010863319039345
0.022242102771997452
0.022226687520742416
0.022217635065317154
0.0219760462641716
0.02197553776204586
0.02197536826133728
0.021936004981398582
0.021934645250439644
0.021934475749731064
0.021933456882834435
0.021933117881417274
0.021932777017354965
0.021932268515229225
0.021931758150458336
0.021931249648332596
0.021930739283561707
0.02180023305118084
0.021798525005578995
0.021797841414809227
0.021795790642499924
0.021793397143483162
0.021792370826005936
0.02179066278040409
0.021789124235510826
0.021787583827972412
0.021786900237202644
0.02178536169230938
0.021706558763980865
0.02170175313949585
0.02169746160507202
0.021695401519536972
0.021692996844649315
0.021692482754588127
0.02169213816523552
0.021258115768432617
0.02124251425266266
0.021239709109067917
0.021236902102828026
0.021235497668385506
0.021234095096588135
0.021233217790722847
0.02123234048485756
0.021231990307569504
0.0212316382676363
0.021231113001704216
0.021216368302702904
0.021214963868260384
0.02121443673968315
0.021214261651039124
0.02121373452246189
0.02121320739388466
0.021162746474146843
0.02116221934556961
0.021162042394280434
0.02116169035434723
0.021151302382349968
0.021150244399905205
0.021150069311261177
0.021149892359972
0.021149717271327972
0.021149540320038795
0.021144431084394455
0.02114337496459484
0.021143022924661636
0.021142669022083282
### epochs: 103900
