0.37565016746520996
0.015814585611224174
0.012563164345920086
0.011032347567379475
0.010426834225654602
0.010000829584896564
0.009753410704433918
0.009630411863327026
0.009493272751569748
0.009354122914373875
0.009347748942673206
0.009186957031488419
0.008843149989843369
0.008761893957853317
0.00870045367628336
0.008679877035319805
0.008492444641888142
0.008414886891841888
0.008235902525484562
0.008228661492466927
0.008067729882895947
0.00794864259660244
0.007827743887901306
0.0078048668801784515
0.007797226309776306
0.007735829800367355
0.007595873437821865
0.007580163422971964
0.007532836403697729
0.007437278516590595
0.007372885011136532
0.00727522699162364
0.007176239509135485
0.0071679288521409035
0.007126230280846357
0.007109482306987047
0.007092694751918316
0.007025144062936306
0.006999643985182047
0.0069740512408316135
0.006956936791539192
0.0069311861880123615
0.006913966033607721
0.00684465141966939
0.006783419754356146
0.006765823345631361
0.006730492692440748
0.006309984251856804
0.006300531327724457
0.006291063968092203
0.006281582172960043
0.0062720864079892635
### epochs: 106200
