0.48701128363609314
0.019402652978897095
0.014360782690346241
0.012826099060475826
0.012167906388640404
0.011960399337112904
0.011187928728759289
0.010972755961120129
0.0104153947904706
0.010136982426047325
0.009970985352993011
0.009874877519905567
0.009826470166444778
0.009667475707828999
0.009605622850358486
0.00946812517940998
0.009430277161300182
0.009251609444618225
0.009212872013449669
0.009069421328604221
0.008802615106105804
0.008720981888473034
0.008679877035319805
0.008555378764867783
0.008414886891841888
0.008386505767703056
0.008214161731302738
0.008199636824429035
0.008185084909200668
0.008141275495290756
0.00811193697154522
0.008038124069571495
0.007978581823408604
0.007963626645505428
0.00785814318805933
0.007797226309776306
0.007766588591039181
0.007735829800367355
0.007704948075115681
0.007673942018300295
0.007092694751918316
0.007025144062936306
0.007008154410868883
0.006991123780608177
### epochs: 105900
