0.6837701797485352
0.026057938113808632
0.020853668451309204
0.019414937123656273
0.0186699740588665
0.017462456598877907
0.016836855560541153
0.0166015625
0.01605398580431938
0.015837183222174644
0.0156326275318861
0.015246577560901642
0.0148665402084589
0.01485049445182085
0.014277530834078789
0.014109553769230843
0.014033308252692223
0.013913873583078384
0.013836550526320934
0.013540453277528286
0.013469838537275791
0.013452126644551754
0.013255733996629715
0.01323773618787527
0.013111055828630924
0.013038115575909615
0.012946360744535923
0.01283538993448019
0.012723451480269432
0.01261051930487156
0.012439198791980743
0.012429611757397652
0.012304299511015415
0.012226547114551067
0.012108981609344482
0.012029965408146381
0.01198031660169363
0.01194044854491949
0.011930461041629314
0.011728918179869652
0.011698387563228607
0.011626836843788624
0.011616579256951809
0.011606312356889248
0.011585752479732037
0.011544521898031235
0.011523851193487644
0.011440795846283436
0.011367623694241047
0.011357132345438004
0.011325598694384098
0.01131506823003292
0.011262267827987671
0.011187928728759289
0.01116659864783287
0.01048384327441454
0.01043826062232256
0.0104153947904706
0.010403943248093128
0.010392478667199612
0.010381001979112625
0.010369512252509594
### epochs: 105200
