0.4177990257740021
0.028045371174812317
0.021655699238181114
0.019671129062771797
0.01850321888923645
0.018046600744128227
0.017693037167191505
0.01681560091674328
0.016493501141667366
0.01591227576136589
0.015463952906429768
0.01492256484925747
0.014898580498993397
0.014761930331587791
0.014360782690346241
0.014335857704281807
0.014252460561692715
0.01424409355968237
0.01411799993366003
0.014058769680559635
0.013973718509078026
0.013965184800326824
0.013930998742580414
0.013922438956797123
0.013819308020174503
0.01380204502493143
0.013680591247975826
0.013636953197419643
0.01352283451706171
0.013407744467258453
0.01338995061814785
0.013354291208088398
0.013345361687242985
0.013309583067893982
0.013282686471939087
0.013246738351881504
0.012992318719625473
0.012983140535652637
### epochs: 104500
