0.3394013047218323
0.02464248612523079
0.017746856436133385
0.01656562089920044
0.01597955822944641
0.015960898250341415
0.015234844759106636
0.014664704911410809
0.014554549008607864
0.014227345585823059
0.013982247561216354
0.013745789416134357
0.013610702939331532
0.013562445528805256
0.013491945341229439
0.01344326138496399
0.013407744467258453
0.01328717265278101
0.01323773618787527
0.013201666064560413
0.013192633166909218
0.013138304464519024
0.013019816018640995
0.013001491315662861
0.012937149964272976
0.012927931733429432
0.012895617634057999
0.012872486375272274
0.012867855839431286
0.012863222509622574
0.012853952124714851
0.012844674289226532
0.012840032577514648
0.012788867577910423
0.012779543176293373
0.012770211324095726
0.012681219726800919
0.01267651841044426
0.012667111121118069
### epochs: 105300
