0.3836986720561981
0.02504316344857216
0.018917353823781013
0.017496556043624878
0.016135459765791893
0.015128841623663902
0.014838448725640774
0.014566830359399319
0.014210578054189682
0.014067246578633785
0.013982247561216354
0.013732774183154106
0.013469838537275791
0.013197150081396103
0.012973954901099205
0.012858588248491287
0.012826099060475826
0.012812149710953236
0.01267651841044426
0.01264827512204647
0.01252515148371458
0.012458350509405136
0.012362293899059296
0.012177699245512486
0.012163006700575352
0.01211390271782875
0.012044820934534073
0.012025009840726852
0.012020052410662174
0.012005167081952095
0.011970361694693565
0.011900447309017181
0.011890425346791744
0.011860310100018978
0.01184019073843956
0.01176950242370367
0.011580606922507286
0.011575458571314812
0.01156515534967184
### epochs: 106000
