0.4385192394256592
0.025395318865776062
0.0205136239528656
0.01872098632156849
0.017489740625023842
0.01666606217622757
0.01630450040102005
0.015761731192469597
0.015293417498469353
0.015262207016348839
0.014986337162554264
0.014970419928431511
0.014826392754912376
0.014761930331587791
0.014252460561692715
0.0141685726121068
0.014126441441476345
0.014033308252692223
0.014007801190018654
0.013973718509078026
0.013913873583078384
0.013870969414710999
0.01369800791144371
0.013628209009766579
0.013593174517154694
0.013575623743236065
0.013566839508712292
0.013363215140998363
0.013327484019100666
0.013255733996629715
0.01323773618787527
0.013219713233411312
0.013210692442953587
0.013201666064560413
0.013147374615073204
0.013038115575909615
0.013001491315662861
0.012983140535652637
0.012955565936863422
0.012798186391592026
0.012779543176293373
0.012760872952640057
### epochs: 104800
