0.6135908365249634
0.03471607714891434
0.031112367287278175
0.02899831533432007
0.027733342722058296
0.02711610123515129
0.02613559365272522
0.025698628276586533
0.025470314547419548
0.025376535952091217
0.02464248612523079
0.02423764392733574
0.024089641869068146
0.02408469282090664
0.02351367101073265
0.023135464638471603
0.022933630272746086
0.022761449217796326
0.022215455770492554
0.02205929160118103
0.022026842460036278
0.021929210051894188
0.021792884916067123
0.021467722952365875
0.021412121132016182
0.02112627774477005
0.021030131727457047
0.021007446572184563
0.020956311374902725
0.0208307895809412
0.02077922224998474
0.02075626142323017
0.020692989230155945
0.020583240315318108
0.020531050860881805
0.020490366965532303
0.020455429330468178
0.020420433953404427
0.020203281193971634
0.02019738033413887
### epochs: 105300
