0.6187619566917419
0.04359670728445053
0.03219325467944145
0.029170462861657143
0.026294749230146408
0.02548903040587902
0.024448217824101448
0.023417146876454353
0.023166360333561897
0.0227509718388319
0.021994346752762794
0.021912897005677223
0.021534254774451256
0.021334035322070122
0.021278085187077522
0.02125566266477108
0.02077922224998474
0.020710263401269913
0.020565859973430634
0.020420433953404427
0.01995989680290222
0.01989409141242504
0.019506821408867836
0.019328784197568893
0.019304098561406136
0.0190617386251688
0.01904296875
0.019005371257662773
0.018999097868800163
0.01872735284268856
0.018612420186400414
0.0185931958258152
0.018573950976133347
0.018438680097460747
0.018360933288931847
0.018354440107941628
0.018328441306948662
0.018210992217063904
0.018158549442887306
0.01808619126677513
0.018073003739118576
0.017927303910255432
0.017920654267072678
0.017900686711072922
0.017880696803331375
0.017516983672976494
0.017510177567601204
0.017503367736935616
0.017496556043624878
### epochs: 105800
