0.22589066624641418
0.03804551810026169
0.01812281645834446
0.012903704307973385
0.01243140920996666
0.010117118246853352
0.009988529607653618
0.009895604103803635
0.009767532348632812
0.009020409546792507
0.00875934213399887
0.008667422458529472
0.00845507625490427
0.00845375470817089
0.008382062427699566
0.008217789232730865
0.008170964196324348
0.00804923940449953
0.00782060157507658
0.0077363112941384315
0.007671028841286898
0.007579672150313854
0.007539262529462576
0.007467770483344793
0.007461782079190016
0.00732777826488018
0.007277786731719971
0.007228995207697153
0.007214551791548729
0.007192314136773348
0.007171566132456064
0.007106337696313858
0.007098994683474302
0.007072181440889835
0.007040505297482014
0.007031504530459642
0.006998047232627869
0.00698152557015419
0.006967638153582811
0.006927423179149628
0.006903721019625664
0.006901562213897705
0.006899942643940449
0.006899402942508459
0.0068967025727033615
0.0068961624056100845
0.006884268019348383
0.006882644258439541
0.006873436737805605
0.0068723526783287525
0.0068647596053779125
0.006856071297079325
0.006852810271084309
0.006845195312052965
0.0068430183455348015
0.0068392064422369
0.006834847386926413
0.006823937874287367
0.006819569040089846
0.0068168374709784985
0.006810276303440332
0.006804256699979305
0.006800970993936062
0.006800422910600901
0.006792749278247356
0.006791652645915747
0.006787262856960297
0.006785067263990641
0.006766374222934246
0.006753699388355017
0.006746524944901466
0.006743210833519697
0.00674265855923295
0.006742105819284916
### epochs: 105500
