0.11080405861139297
0.008047242648899555
0.007738117128610611
0.005867515224963427
0.005652429070323706
0.005384385585784912
0.005090035498142242
0.005064079072326422
0.0046972790732979774
0.004686311818659306
0.004408549051731825
0.004398502875119448
0.004243864212185144
0.004229630809277296
0.0041620428673923016
0.003976956941187382
0.00394362211227417
0.0038560985121876
0.003816771786659956
0.0037901431787759066
0.0037887298967689276
0.0037610360886901617
0.0036208692472428083
0.0036188107915222645
0.0035344441421329975
0.0034942294005304575
0.0034426748752593994
0.0034348207991570234
0.0034028810914605856
0.003396991640329361
0.003389306366443634
0.003386076306924224
0.003384425537660718
0.0033810529857873917
0.0033764359541237354
0.0033527694176882505
0.0033483917359262705
0.0033342461101710796
0.003329634200781584
0.003307463601231575
0.0033051397185772657
0.0032513753976672888
0.003246430540457368
0.0032445653341710567
0.0032388195395469666
0.0032381005585193634
0.0032378847245126963
0.003237813012674451
0.003237021854147315
0.003236806020140648
0.0032365901861339808
### epochs: 104900
