0.27226266264915466
0.024909524247050285
0.017297841608524323
0.015406027436256409
0.014235722832381725
0.012553672306239605
0.012020052410662174
0.011693291366100311
0.010449674911797047
0.009820402599871159
0.009270916692912579
0.008950343355536461
0.008485423400998116
0.008358028717339039
0.007933631539344788
0.0078125
0.007704948075115681
0.007588022388517857
0.007501118816435337
0.0074852099642157555
0.007058999966830015
0.006999643985182047
0.0068880547769367695
0.006677145604044199
0.0066503118723630905
0.006578219588845968
0.006532758008688688
0.006253051105886698
0.006214805878698826
0.006079052574932575
0.006019935477524996
0.006010026205331087
0.005960232112556696
0.005950223654508591
### epochs: 103900
