0.12062498182058334
0.008004918694496155
0.006485793273895979
0.005377981811761856
0.004251592792570591
0.004131498746573925
0.003731140634045005
0.0036820187233388424
0.003512372961267829
0.0034319725818932056
0.003418990410864353
0.0033097858540713787
0.0032375252339988947
0.003213415388017893
0.0031843744218349457
0.0031245886348187923
0.00311279296875
0.0030800083186477423
0.0030475587118417025
0.003045495366677642
0.0030258605256676674
0.0029561910778284073
0.002947514643892646
0.0029140692204236984
0.0029116712976247072
0.002871653763577342
0.002868165262043476
0.0028594662435352802
0.002858733292669058
0.002854087157174945
0.0028513120487332344
0.0028473897837102413
0.00284215179271996
0.0028298369143158197
0.00282926089130342
0.002819946501404047
0.0028186249546706676
0.002818046836182475
0.002814243547618389
0.002811180893331766
0.002806041156873107
0.002804879331961274
0.0028047130908817053
0.0028042150661349297
0.0028033016715198755
0.002802387811243534
0.0028008087538182735
0.0027994783595204353
0.0027983970940113068
0.0027964827604591846
0.0027963994070887566
0.002796232933178544
### epochs: 104700
