0.018209096044301987
0.00042458251118659973
0.00038106972351670265
0.0003607906401157379
0.0003482797183096409
0.0003410251811146736
0.0003345073200762272
0.00032616453245282173
0.00032398849725723267
0.00032082945108413696
0.00031937891617417336
0.0003179144114255905
0.00031625619158148766
0.00031452998518943787
0.00030359113588929176
0.0003014085814356804
0.00030082976445555687
0.00030048470944166183
0.0003003091551363468
0.0003001750446856022
0.00030008843168616295
0.0003000139258801937
0.00029995525255799294
0.00029990216717123985
0.00029985466971993446
0.00029984721913933754
0.0002997801639139652
0.0002997256815433502
0.0002996767871081829
0.0002996041439473629
0.0002995091490447521
0.0002993633970618248
0.00029911939054727554
0.00029890192672610283
0.0002982909791171551
0.0002971980720758438
0.0002966425381600857
0.0002963296137750149
0.00029629888013005257
0.0002962644211947918
0.0002749157138168812
0.0002661687321960926
0.00026597874239087105
0.0002658930607140064
0.0002658315934240818
0.00026578595861792564
0.00026574311777949333
0.00026570213958621025
0.0002656690776348114
0.00026564067229628563
0.000265615526586771
0.0002656150609254837
0.00026554567739367485
0.0002655317075550556
0.00025496119633316994
0.0002545514144003391
0.0002543623559176922
0.00025422871112823486
0.00025404803454875946
0.00025398703292012215
0.0002539367415010929
0.00025389716029167175
0.00025387154892086983
0.0002538398839533329
0.0002538147382438183
0.00025379424914717674
0.00025377655401825905
0.0002536638639867306
0.0002533453516662121
0.000253098551183939
0.00025286944583058357
0.0002526910975575447
0.0002521313726902008
0.0002521178685128689
0.000251994002610445
0.00025183288380503654
0.00025177001953125
### epochs: 103900
0.11819380521774292
0.01882128231227398
0.018394671380519867
0.01833350956439972
0.018281226977705956
0.01824435591697693
0.018168149515986443
0.0179313812404871
0.017828287556767464
0.017799807712435722
0.017785334959626198
0.017776954919099808
0.017771556973457336
0.017765961587429047
0.017763052135705948
0.017760220915079117
0.01775936968624592
0.017758700996637344
0.01767098158597946
0.017658909782767296
0.017657103016972542
0.017656417563557625
0.01765579730272293
0.017655137926340103
0.01765449158847332
0.017653819173574448
0.017653001472353935
0.01765180006623268
0.01764994114637375
0.017648251727223396
0.0176475141197443
0.017647117376327515
0.017646167427301407
0.01764606311917305
0.01645449362695217
0.016453856602311134
0.01645384356379509
0.01645381562411785
0.016453785821795464
0.01645377278327942
0.01645374484360218
0.016453715041279793
0.016453702002763748
0.016453687101602554
0.016345787793397903
0.01633996143937111
0.016339918598532677
0.016339905560016632
0.016339890658855438
0.016339875757694244
0.016224218532443047
0.01622416265308857
0.016224147751927376
### epochs: 103900
