0.17028410732746124
0.03209578990936279
0.03170575201511383
0.03161444514989853
0.03154212608933449
0.031485266983509064
0.03144216910004616
0.026862820610404015
0.026832016184926033
0.026825906708836555
0.02682090550661087
0.026815349236130714
0.026807429268956184
0.02679811790585518
0.026556536555290222
0.026543347164988518
0.02653043158352375
0.026518212631344795
0.026507113128900528
0.026496991515159607
0.0264884140342474
0.02648124098777771
0.026475893333554268
0.02647223509848118
0.02646731026470661
0.026465339586138725
0.02646196074783802
0.02645590715110302
0.026453934609889984
0.0264528077095747
0.026451682671904564
0.026451541110873222
0.026451118290424347
0.026449991390109062
0.026449428871273994
### epochs: 103900
