0.005591168068349361
0.0006150840781629086
0.0004843692295253277
0.000482895877212286
0.00048235291615128517
0.0004822881892323494
0.000482283066958189
0.0004677087999880314
0.0004677050746977329
0.00046231551095843315
0.0004621078260242939
0.0004621073603630066
0.0004621068947017193
0.0004596216604113579
0.0004591098986566067
0.0004586963914334774
0.0004584440030157566
0.00045827683061361313
0.0004578358493745327
0.00045768171548843384
0.00045759323984384537
0.00045754527673125267
0.00045753875747323036
0.00045753270387649536
### epochs: 103900
0.2732126712799072
0.04851584881544113
0.04556739330291748
0.04520493000745773
0.044867441058158875
0.044765032827854156
0.044751714915037155
0.04334579035639763
0.04334166646003723
0.04333891347050667
0.0433361642062664
0.042238444089889526
0.04193110764026642
0.04192826524376869
0.04192684218287468
0.04116937890648842
0.0408729612827301
0.04086712747812271
0.04086129367351532
0.04085983335971832
0.040858376771211624
0.039753712713718414
0.03967566788196564
0.03967266529798508
0.0396711602807045
0.03966965898871422
### epochs: 103900
