0.047496698796749115
0.0017549172043800354
0.0017498955130577087
0.0017494112253189087
0.0015871673822402954
0.0015869960188865662
0.0015869885683059692
0.0015865489840507507
0.0015865340828895569
0.0015481486916542053
0.0015479996800422668
0.0015464574098587036
0.0015464350581169128
0.001546427607536316
0.0015325471758842468
0.0015286430716514587
0.0015284642577171326
0.0015284568071365356
0.0015283077955245972
0.0015198960900306702
0.0015014633536338806
0.0015014559030532837
0.0015014484524726868
0.00146523118019104
0.0014622285962104797
0.0014369413256645203
### epochs: 107800
