0.014838971197605133
0.0005074380896985531
0.0004315543919801712
0.0004064994864165783
0.0004060720093548298
0.00039950432255864143
0.0003665909171104431
0.0003651096485555172
0.0003555119037628174
0.00035397056490182877
0.00034454232081770897
0.0003428845666348934
0.0003425455652177334
0.00034219585359096527
0.0003383764997124672
0.0003351462073624134
0.00033481745049357414
0.0003334381617605686
0.0003333217464387417
0.0003330083563923836
0.00033288775011897087
0.000332642812281847
0.00033058272674679756
0.00033056363463401794
0.00033047981560230255
0.00033046770840883255
0.0003299363888800144
0.0003299047239124775
0.0003298879601061344
0.0003298558294773102
0.0003298497758805752
0.00032984698191285133
0.0003298451192677021
### epochs: 105200
