0.382001668214798
0.013074636459350586
0.009953035973012447
0.008870068937540054
0.008638577535748482
0.00854840874671936
0.00825758557766676
0.008170507848262787
0.007781922351568937
0.007469266653060913
0.007176239509135485
0.007092694751918316
0.0069740512408316135
0.00674818130210042
0.006721630692481995
0.006712757516652346
0.006677145604044199
0.006659268401563168
0.006578219588845968
0.006281582172960043
0.006147304084151983
0.006049566436558962
0.00592009536921978
0.005879684817045927
0.005869538523256779
0.005715185310691595
0.00567331537604332
0.00558863440528512
0.005567262880504131
0.005502650048583746
0.00547005794942379
0.005415300838649273
0.005315317772328854
0.0051905009895563126
0.005155935417860746
0.005074367392808199
0.0050508202984929085
0.005027163308113813
0.00490716565400362
0.004833737853914499
0.0047088139690458775
0.0046579064801335335
0.0046064360067248344
0.004554384388029575
0.0045281341299414635
0.004501730669289827
0.0044751716777682304
0.004435034468770027
0.004421574994921684
0.004408073611557484
0.004367320332676172
0.004353650845587254
0.004339938517659903
0.004312383010983467
0.004298539366573095
0.004256737418472767
0.004200354218482971
0.0041861399076879025
0.004171876702457666
0.00415756506845355
0.004143203608691692
0.00412879278883338
### epochs: 104400
