0.13739633560180664
0.00039768218994140625
0.00018274784088134766
0.00012612342834472656
0.00011217594146728516
9.691715240478516e-05
8.797645568847656e-05
8.034706115722656e-05
7.259845733642578e-05
6.783008575439453e-05
6.42538070678711e-05
6.151199340820312e-05
6.103515625e-05
5.6743621826171875e-05
5.602836608886719e-05
5.435943603515625e-05
5.364418029785156e-05
4.744529724121094e-05
4.6253204345703125e-05
4.6133995056152344e-05
4.374980926513672e-05
4.2438507080078125e-05
4.220008850097656e-05
4.100799560546875e-05
4.0531158447265625e-05
3.9696693420410156e-05
3.9577484130859375e-05
3.886222839355469e-05
3.7670135498046875e-05
3.7550926208496094e-05
3.6835670471191406e-05
3.635883331298828e-05
3.62396240234375e-05
3.5762786865234375e-05
3.4332275390625e-05
3.421306610107422e-05
3.409385681152344e-05
3.3974647521972656e-05
3.3736228942871094e-05
3.337860107421875e-05
3.266334533691406e-05
2.8371810913085938e-05
2.8252601623535156e-05
2.8133392333984375e-05
### epochs: 105400
0.36126577854156494
0.013300623744726181
0.011016126722097397
0.010195611976087093
0.009624220430850983
0.009056268259882927
0.008976941928267479
0.008802615106105804
0.00859707873314619
0.008555378764867783
0.008023279719054699
0.00797110702842474
0.007820125669240952
0.007673942018300295
0.0074532898142933846
0.007176239509135485
0.0070842863060534
0.006765823345631361
0.006730492692440748
0.006605346221476793
0.006505328230559826
0.0064961593598127365
0.006422337144613266
0.006319423206150532
0.006291063968092203
0.0062720864079892635
0.006079052574932575
0.006019935477524996
0.005879684817045927
0.005859375
0.005828777328133583
0.005798018537461758
0.005787729285657406
0.005777421873062849
0.0057567511685192585
0.0056838118471205235
0.0056311339139938354
0.005599289666861296
0.00558863440528512
0.0055350507609546185
0.005524271633476019
0.005502650048583746
0.0054372698068618774
0.0054262964986264706
0.005393242463469505
0.005348853301256895
0.005337697919458151
0.005304092075675726
0.005292842630296946
0.0052815694361925125
0.005201971624046564
0.005179004743695259
0.005167482886463404
0.005144362337887287
0.005132762715220451
0.005121137015521526
0.005109484773129225
0.005086100194603205
0.005074367392808199
### epochs: 103900
