0.634357750415802
0.023498455062508583
0.01976785436272621
0.018026772886514664
0.016808509826660156
0.016758792102336884
0.01608366146683693
0.015215270221233368
0.014770003035664558
0.014476530253887177
0.01437737513333559
0.014277530834078789
0.013610702939331532
0.01318359375
0.01290023885667324
0.012807496823370457
0.012742175720632076
0.012467915192246437
0.012304299511015415
0.011809947900474072
0.011585752479732037
0.011336119845509529
0.011187928728759289
0.011048543266952038
0.010994463227689266
0.010841603390872478
0.010731084272265434
0.01048384327441454
0.010472466237843037
0.010369512252509594
0.010265525430440903
0.01021896954625845
0.010207297280430794
0.010113434866070747
0.01006617583334446
0.00999486818909645
0.009826470166444778
0.009765625
0.009692106395959854
0.009655136615037918
0.009630411863327026
0.009580769576132298
0.009366858750581741
0.009328600019216537
0.009303007274866104
0.009251609444618225
0.009173971600830555
0.009095671586692333
0.009069421328604221
0.009016691707074642
0.009003461338579655
0.008963651955127716
0.0089236656203866
0.008910296484827995
0.008843149989843369
0.00877548847347498
0.008734640665352345
0.008693600073456764
0.008652365766465664
0.008638577535748482
0.008610934019088745
0.008583201095461845
0.008555378764867783
0.008527465164661407
0.008513474836945534
0.00849946029484272
### epochs: 103900
