0.4484998285770416
0.018210992217063904
0.01290023885667324
0.012553672306239605
0.012226547114551067
0.011667776852846146
0.011357132345438004
0.010551847517490387
0.0100424624979496
0.0095308693125844
0.009480707347393036
0.00919992383569479
0.009160968475043774
0.0091479467228055
0.009095671586692333
0.0089236656203866
0.00866613257676363
0.00849946029484272
0.008443172089755535
0.008414886891841888
0.00830078125
0.008155904710292816
0.008082493208348751
0.008067729882895947
0.008023279719054699
0.0078125
0.007797226309776306
0.0076583921909332275
0.007580163422971964
0.0075486451387405396
0.007469266653060913
0.00732421875
0.007307924795895815
0.007126230280846357
0.007058999966830015
0.0069740512408316135
0.006922581698745489
0.006853353697806597
0.006783419754356146
0.00674818130210042
0.006730492692440748
0.006677145604044199
0.006605346221476793
0.006532758008688688
0.006514484528452158
0.006422337144613266
0.006385105662047863
0.006366408430039883
0.006309984251856804
0.0062720864079892635
0.006156992167234421
0.006118146702647209
0.006039705593138933
0.006000100634992123
0.005980199668556452
0.00592009536921978
0.005879684817045927
0.005859375
0.005838994402438402
0.005798018537461758
0.0057567511685192585
0.005736005958169699
0.005715185310691595
### epochs: 104000
