0.3267141580581665
0.014075717888772488
0.010517899878323078
0.010421115905046463
0.009354122914373875
0.008903604932129383
0.008870068937540054
0.008782277815043926
0.00829359795898199
0.008000961504876614
0.0078125
0.007469266653060913
0.0073890360072255135
0.007307924795895815
0.0071679288521409035
0.007142938673496246
0.006853353697806597
0.006827212404459715
0.006800970993936062
0.006703872233629227
0.006623369175940752
0.006550980266183615
0.0064961593598127365
0.006422337144613266
0.006309984251856804
0.0062720864079892635
0.006214805878698826
0.006079052574932575
0.005990158300846815
0.005970224272459745
0.00592009536921978
0.005838994402438402
0.005798018537461758
0.005662799347192049
0.005652264226227999
0.0056311339139938354
0.005567262880504131
0.005524271633476019
0.005502650048583746
0.005480943247675896
0.00547005794942379
0.0054591502994298935
0.0054372698068618774
0.005415300838649273
0.00537109375
0.005348853301256895
0.005315317772328854
0.0052815694361925125
0.005258949939161539
0.005167482886463404
0.005144362337887287
0.005132762715220451
0.005121137015521526
0.005097805988043547
0.005074367392808199
0.0050508202984929085
0.0050390055403113365
### epochs: 103900
