0.48733624815940857
0.017746856436133385
0.014058769680559635
0.012890994548797607
0.012448778375983238
0.011336119845509529
0.010563138872385025
0.010148734785616398
0.009970985352993011
0.009328600019216537
0.00919992383569479
0.008829658851027489
0.00866613257676363
0.008652365766465664
0.008555378764867783
0.008527465164661407
0.008082493208348751
0.008067729882895947
0.007888425141572952
0.007781922351568937
0.007673942018300295
0.007611551322042942
0.007421232294291258
0.007372885011136532
0.007225902751088142
0.007192831952124834
0.007142938673496246
0.007058999966830015
0.006956936791539192
0.006922581698745489
0.006800970993936062
0.006712757516652346
0.006677145604044199
0.006514484528452158
0.00645935395732522
0.006440871860831976
0.006422337144613266
0.006403748411685228
0.00634765625
0.006309984251856804
0.0062720864079892635
0.006195594556629658
0.006118146702647209
0.006079052574932575
0.006000100634992123
0.005960232112556696
0.005940197966992855
0.00592009536921978
0.005879684817045927
0.005838994402438402
0.005798018537461758
0.0057567511685192585
0.005652264226227999
0.0056311339139938354
0.00560992443934083
0.00558863440528512
### epochs: 105100
