0.6683583855628967
0.030277375131845474
0.021716168150305748
0.019755790010094643
0.018406325951218605
0.0172149445861578
0.015904782339930534
0.015073583461344242
0.014930551871657372
0.014689071103930473
0.014443553984165192
0.014041800983250141
0.01333642564713955
0.013210692442953587
0.01264827512204647
0.012515630573034286
0.012177699245512486
0.011789742857217789
0.01176950242370367
0.011759369634091854
0.011378105729818344
0.011005300097167492
0.010896442458033562
0.01078648492693901
0.010708844289183617
0.010675395838916302
0.01064184308052063
0.010358009487390518
0.010346494615077972
0.01027713157236576
0.010195611976087093
0.010136982426047325
0.00999486818909645
0.009802177548408508
0.009741180576384068
0.009630411863327026
0.009580769576132298
0.009568319655954838
0.009493272751569748
0.009455525316298008
0.009341370314359665
0.00913490541279316
0.00910876877605915
0.0089902114123106
0.008910296484827995
0.00888349860906601
0.008802615106105804
0.008748278021812439
0.008638577535748482
0.008610934019088745
0.008583201095461845
0.008527465164661407
0.008471363224089146
0.008443172089755535
0.008414886891841888
0.008386505767703056
0.008329453878104687
0.00830078125
0.00827200897037983
0.0082431361079216
0.008214161731302738
0.008185084909200668
0.008155904710292816
### epochs: 104200
