0.16378115117549896
0.009429487399756908
0.007398609071969986
0.006797135341912508
0.0063123456202447414
0.006257219705730677
0.005875247996300459
0.005666745360940695
0.005632456857711077
0.005436584819108248
0.0052773356437683105
0.005199822597205639
0.005149428732693195
0.004986239597201347
0.00488510075956583
0.004848358687013388
0.0047849384136497974
0.004726974759250879
0.004647497553378344
0.004490130580961704
0.004483488388359547
0.004385196603834629
0.0043553621508181095
0.004329625982791185
0.00430113822221756
0.004282041452825069
0.004248853772878647
0.00423656078055501
0.004229520447552204
0.004225995857268572
0.0042242323979735374
0.0042189378291368484
0.004206557758152485
0.004205672070384026
0.004204786382615566
0.004194141365587711
0.004193252883851528
0.004191475920379162
0.0041834693402051926
0.004182578530162573
0.0041763391345739365
0.00417098356410861
0.004144102800637484
0.004138705786317587
0.0041351038962602615
0.004133301321417093
0.004129694774746895
0.004127890337258577
### epochs: 103900
