0.25896313786506653
0.012863222509622574
0.01265298668295145
0.012458350509405136
0.011456414125859737
0.01124107837677002
0.010294515639543533
0.010242274031043053
0.009970985352993011
0.009543369524180889
0.008963651955127716
0.008443172089755535
0.008386505767703056
0.008322294801473618
0.008235902525484562
0.008015846833586693
0.007880865596234798
0.007611551322042942
0.0072915940545499325
0.006939780432730913
0.0068359375
0.006739342585206032
0.006550980266183615
0.006394433788955212
0.006309984251856804
0.006243511568754911
0.006156992167234421
0.00592009536921978
0.005869538523256779
0.005838994402438402
0.005736005958169699
0.005652264226227999
0.0056311339139938354
0.00560992443934083
0.005599289666861296
0.005577958654612303
0.005567262880504131
0.005556546151638031
0.0055350507609546185
0.005524271633476019
0.0055134715512394905
0.005480943247675896
### epochs: 103900
