0.11438997834920883
0.004825735464692116
0.004319342318922281
0.004171709530055523
0.0041516805067658424
0.0036902932915836573
0.003604563884437084
0.003439494874328375
0.003306618658825755
0.003250874113291502
0.003195760305970907
0.003164865542203188
0.0031319570261985064
0.0030797815416008234
0.0029981094412505627
0.002956427400931716
0.00291654490865767
0.0028472263365983963
0.002843953436240554
0.0028291787020862103
0.0028094409499317408
0.0027825438883155584
0.0027793622575700283
0.002777770161628723
0.002775841625407338
0.0027662632055580616
0.0027647477108985186
0.0027642424684017897
0.0027620515320450068
0.0027608710806816816
0.0027600277680903673
0.0027594370767474174
0.002756313420832157
0.0027494628448039293
0.0027483615558594465
0.00274683628231287
0.0027446316089481115
0.00274098152294755
### epochs: 103900
