0.10710816085338593
0.006642850115895271
0.006146053783595562
0.0051262266933918
0.005052986554801464
0.004903226159512997
0.004606789909303188
0.004374671261757612
0.004183969926089048
0.004144046455621719
0.004124109633266926
0.004043722990900278
0.004043550230562687
0.003988882061094046
0.0038366676308214664
0.0037463356275111437
0.00372276920825243
0.003672838443890214
0.00364381680265069
0.0036263950169086456
0.0036159143783152103
0.003605661913752556
0.003557229181751609
0.0035411568824201822
0.003525077598169446
0.0035106490831822157
0.003479940816760063
0.003451320808380842
0.0033958263229578733
0.0033945234026759863
0.0033883445430547
0.003380777547135949
0.003368980251252651
0.003363447031006217
0.003357488429173827
0.0033461658749729395
0.003345748409628868
0.0033452610950917006
0.0033383637201040983
0.003335712244734168
0.003329843981191516
0.0033261359203606844
0.0033256460446864367
### epochs: 103900
