0.22495904564857483
0.011996475048363209
0.011609201319515705
0.01087796501815319
0.010643943212926388
0.01033280324190855
0.009729701094329357
0.009723572991788387
0.009220955893397331
0.009003874845802784
0.008798382245004177
0.008511286228895187
0.00816731620579958
0.008003289811313152
0.007819648832082748
0.007556536700576544
0.00743527477607131
0.007227964699268341
0.0071964566595852375
0.007191278040409088
0.006907497067004442
0.006764722056686878
0.006539597176015377
0.0063276709988713264
0.006256029009819031
0.0062548378482460976
0.006214805878698826
0.006205807905644178
0.0061600166372954845
0.0060906847938895226
0.006077213678508997
0.006052028853446245
0.0060464865528047085
0.006041555665433407
0.006037855055183172
0.006037237588316202
0.006036003585904837
0.00602550245821476
0.0060217916034162045
### epochs: 103900
