0.15256714820861816
0.001262068748474121
0.0011827945709228516
0.001172780990600586
0.0011501312255859375
0.0011036396026611328
0.0010977983474731445
0.001031637191772461
0.0010268688201904297
0.0010216236114501953
0.0009741783142089844
0.0009648799896240234
0.0009603500366210938
0.0009505748748779297
0.0009132623672485352
0.0009083747863769531
0.0008971691131591797
0.0008397102355957031
0.0008380413055419922
0.0008373260498046875
0.0008369684219360352
0.0004813671112060547
0.00048065185546875
0.0004794597625732422
0.0004793405532836914
0.00047779083251953125
0.000453948974609375
0.00045371055603027344
0.00045299530029296875
0.00045239925384521484
0.0004502534866333008
0.00044286251068115234
0.00044274330139160156
0.00044226646423339844
0.00044035911560058594
0.00043213367462158203
0.0004290342330932617
0.0004248619079589844
0.0004247426986694336
0.000423431396484375
0.00040841102600097656
0.000408172607421875
0.00040793418884277344
0.00040781497955322266
0.0004076957702636719
0.0004036426544189453
0.00040090084075927734
0.000400543212890625
0.0003979206085205078
0.0003973245620727539
0.00036597251892089844
0.0003654956817626953
0.00036525726318359375
0.0003647804260253906
0.0003643035888671875
0.00036334991455078125
0.0003631114959716797
0.00036263465881347656
0.0003625154495239258
0.00036215782165527344
0.0003584623336791992
0.00035834312438964844
0.0003533363342285156
0.00035309791564941406
0.0003529787063598633
0.00035262107849121094
0.00035071372985839844
0.0003504753112792969
0.0003491640090942383
0.0003490447998046875
0.0003489255905151367
0.00034880638122558594
0.0003484487533569336
0.0003483295440673828
0.0003439188003540039
0.00034368038177490234
0.00034356117248535156
0.00034308433532714844
0.0003427267074584961
0.00034224987030029297
0.0003418922424316406
0.00034165382385253906
0.0003414154052734375
0.00033986568450927734
0.0003381967544555664
0.0003364086151123047
0.00033605098724365234
### epochs: 103900
