0.44864171743392944
0.035970788449048996
0.026846589520573616
0.025591714307665825
0.02538592927157879
0.025150040164589882
0.02500743791460991
0.024993132799863815
0.023217760026454926
0.023094207048416138
0.023052874952554703
0.022771921008825302
0.022766685113310814
0.022756211459636688
0.02273000404238701
0.022113265469670296
0.02207009680569172
0.02205929160118103
0.02186387963593006
0.02172165736556053
0.021606100723147392
0.02159506268799305
0.021467722952365875
0.0214454997330904
0.021439939737319946
0.02142881602048874
0.021423252299427986
### epochs: 103900
