0.41496437788009644
0.028638433665037155
0.026085371151566505
0.02526354230940342
0.024627968668937683
0.024163756519556046
0.024109426885843277
0.0237658079713583
0.023710567504167557
0.02279808185994625
0.022529827430844307
0.022524535655975342
0.022445010021328926
0.022429071366786957
0.02242375537753105
0.02238650992512703
0.022252986207604408
0.022091692313551903
0.02208629436790943
0.021923772990703583
0.021896569058299065
0.021891124546527863
0.021787414327263832
0.02178194187581539
0.021434379741549492
0.02142881602048874
0.021423252299427986
0.02140655368566513
### epochs: 103900
