0.651476263999939
0.04699184000492096
0.03959295526146889
0.03917525336146355
0.038238998502492905
0.038010742515325546
0.03778741508722305
0.03776216879487038
0.03615589812397957
0.03559098020195961
0.033109646290540695
0.033098842948675156
0.03166307136416435
0.031651776283979416
0.03164801001548767
0.03160277381539345
0.03154992312192917
0.03154236450791359
0.031466685235500336
0.0314628966152668
0.03142498433589935
0.03141360357403755
0.03140980750322342
0.031406011432409286
0.03139841929078102
0.03127669170498848
0.03126906603574753
0.03126144036650658
0.031230920925736427
0.031227102503180504
### epochs: 103900
