0.3645476698875427
0.02845888026058674
0.026677321642637253
0.026185717433691025
0.02577505260705948
0.025731079280376434
0.025656845420598984
0.025582395493984222
0.02552408166229725
0.024012815207242966
0.017612000927329063
0.017523787915706635
0.01752038672566414
0.017516983672976494
0.017465868964791298
0.017421448603272438
0.0174180269241333
0.017414603382349014
0.01721840538084507
0.016995415091514587
0.016991907730698586
0.016977868974208832
0.01697435788810253
0.016949759796261787
0.016673214733600616
0.016662485897541046
0.016658907756209373
0.01655842363834381
0.01654762029647827
0.01654401794075966
0.01651517115533352
0.0165079515427351
0.016497114673256874
0.016493501141667366
0.016142847016453743
0.01612437516450882
0.016120677813887596
0.01607624813914299
0.016046559438109398
0.016039129346609116
0.015972096472978592
0.01595342718064785
0.015949690714478493
0.015945952385663986
0.015837183222174644
0.015825888141989708
0.015822120010852814
0.015799501910805702
0.01579195447266102
0.015776850283145905
0.015773070976138115
0.01568971574306488
0.01566310040652752
0.015655487775802612
0.0156326275318861
0.0156173687428236
0.015613551251590252
0.015556183643639088
0.015548518858850002
0.015425360761582851
0.015421495772898197
0.015417629852890968
0.01541376393288374
0.015363411046564579
0.01519174687564373
0.015187823213636875
0.015183898620307446
### epochs: 103900
