0.3375001847743988
0.027179772034287453
0.021803822368383408
0.02166120335459709
0.021614374592900276
0.0215314868837595
0.02151487022638321
0.02149546891450882
0.021089566871523857
0.021064115688204765
0.021047130227088928
0.02101312018930912
0.019451742991805077
0.019442547112703323
0.01943948119878769
0.019436415284872055
0.019427213817834854
0.019421076402068138
0.019405724480748177
0.019399581477046013
0.01936267502605915
0.019338034093379974
0.019334951415657997
0.01921745017170906
0.019208142533898354
0.019198831170797348
### epochs: 103900
