0.23424731194972992
0.01839822717010975
0.014999506063759327
0.013547330163419247
0.01245206966996193
0.012282481417059898
0.011886038817465305
0.011438515968620777
0.011429393664002419
0.011260283179581165
0.011245385743677616
0.011234779842197895
0.011106385849416256
0.011073466390371323
0.011044833809137344
0.01104011107236147
0.010997851379215717
0.010934324935078621
0.010928872972726822
0.010916936211287975
0.010894732549786568
0.010890628211200237
0.010890286415815353
0.01084606908261776
0.010843664407730103
0.010798911564052105
0.010794426314532757
0.010789593681693077
0.010757781565189362
0.010751546360552311
0.010750853456556797
0.010726570151746273
0.010635189712047577
0.010627481155097485
0.010620818473398685
0.01061976607888937
0.010619064792990685
### epochs: 103900
