0.12991070747375488
0.008139644749462605
0.007726976182311773
0.007582036778330803
0.007165784481912851
0.00683975126594305
0.00683256471529603
0.0063817137852311134
0.006160130258649588
0.005977473687380552
0.005855201277881861
0.0057192579843103886
0.005695270374417305
0.00566830625757575
0.005642699543386698
0.005630637984722853
0.005620870739221573
0.005604027770459652
0.005592757370322943
0.005591508466750383
0.005572070367634296
0.00555943651124835
0.005558180157095194
0.0055442554876208305
0.005533956922590733
0.005529958754777908
0.005513133946806192
0.00551127502694726
0.005491383373737335
0.005487651098519564
0.005486038513481617
0.005480390973389149
0.005476140882819891
0.005464521702378988
0.0054173641838133335
0.005413021892309189
0.00540880486369133
0.005408072844147682
0.00540803000330925
0.005407814867794514
0.00540725514292717
0.005407168995589018
0.005407082848250866
### epochs: 104900
