0.1661750078201294
0.011809001676738262
0.0097618093714118
0.009092804044485092
0.00860574096441269
0.008525281213223934
0.008147221989929676
0.008042293600738049
0.007779049687087536
0.007707365322858095
0.007551112212240696
0.00747724249958992
0.007407666649669409
0.0073440284468233585
0.007341491524130106
0.007297211792320013
0.007289550267159939
0.007279322016984224
0.007277274504303932
0.007269079331308603
0.0072315712459385395
0.007194385398179293
0.007191278040409088
0.007186614442616701
0.007069020066410303
0.007059528026729822
0.007050551474094391
0.007028324995189905
0.007024083286523819
0.0070235528983175755
0.0069478279910981655
0.006933873053640127
0.006920966785401106
0.006917198188602924
0.006916659418493509
0.006916120648384094
0.0069155823439359665
0.006910732481628656
### epochs: 103900
