0.09353161603212357
0.005621160846203566
0.005328879691660404
0.005183228757232428
0.00508953258395195
0.004792328923940659
0.004752420820295811
0.00473996065557003
0.004716619849205017
0.004699310753494501
0.00469415495172143
0.004689936991780996
0.004686063155531883
0.00467571709305048
0.004674920346587896
0.004672628827393055
0.004663301631808281
0.004651353694498539
0.004650151822715998
0.004647397436201572
0.004647247027605772
0.004616231191903353
0.0046157268807291985
0.004615373909473419
0.004615121521055698
0.004614970181137323
0.004614717792719603
0.004614617209881544
0.004614516161382198
0.004613607656210661
0.00461305258795619
0.004613002296537161
0.0046125478111207485
0.004612043034285307
### epochs: 103900
