<<<<<<< HEAD
0.3286844789981842
0.017844825983047485
0.01667678914964199
0.016119753941893578
0.014614829793572426
0.014522776007652283
0.013348710723221302
0.013096272945404053
0.012770211324095726
0.012192374095320702
0.011793533340096474
0.011683091521263123
0.011366312392055988
0.011018832214176655
0.010995818302035332
0.010921030305325985
0.010751892812550068
0.010711626149713993
0.010665620677173138
0.010606779716908932
0.010599752888083458
0.010587092489004135
0.010568779893219471
0.010567369870841503
0.010469620116055012
0.010456802323460579
0.010455377399921417
0.01045252662152052
0.010405375622212887
0.010401078499853611
0.010399645194411278
0.01039391290396452
0.010388175956904888
0.010375258512794971
0.010308980941772461
0.010304643772542477
0.010261169634759426
0.010243728756904602
0.010242274031043053
0.01022188551723957
0.010220427997410297
0.010217511095106602
=======
0.2633933424949646
0.01695767045021057
0.016394728794693947
0.014321298338472843
0.012174027971923351
0.012106520123779774
0.011894184164702892
0.01123842690140009
0.010815457440912724
0.010337849147617817
0.010320537723600864
0.010271330364048481
0.010266976431012154
0.0102568119764328
0.01025390625
0.010248092003166676
0.01022188551723957
0.010220427997410297
0.010216052643954754
0.010207297280430794
0.010197073221206665
0.010192688554525375
0.010163407772779465
0.010020180605351925
0.010017205961048603
0.010015718638896942
0.010011253878474236
0.010009765625
0.01000827644020319
0.009941051714122295
0.00993205327540636
0.009930552914738655
0.00992905255407095
>>>>>>> f60ed52ccb8acd11050102a0baf891a317615333
### epochs: 103900
