0.17284254729747772
0.012267610989511013
0.009493272751569748
0.008757215924561024
0.008473561145365238
0.008111018687486649
0.008017705753445625
0.007986048236489296
0.007896920666098595
0.007845332846045494
0.007457287050783634
0.007426250725984573
0.007395587395876646
0.007374905981123447
0.007367325015366077
0.007356698624789715
0.007349606137722731
0.007347071077674627
0.007340476848185062
0.007336415816098452
0.00732371024787426
0.007317603565752506
0.007316076196730137
0.007300784345716238
0.007296190597116947
0.007295680232346058
0.007295169401913881
0.007278810255229473
0.007266516797244549
0.00724546704441309
0.0072434102185070515
### epochs: 103900
