0.0668080598115921
0.007584922946989536
0.007189302705228329
0.006791549734771252
0.0067865424789488316
0.006759729702025652
0.0067395842634141445
0.006680039223283529
0.006606967654079199
0.006537567358464003
0.006472641136497259
0.0064600384794175625
0.006442968267947435
0.006419254932552576
0.006416243501007557
0.006413811817765236
0.00641145184636116
0.00640985369682312
0.006392322015017271
0.0063905734568834305
0.006386928725987673
0.006371965166181326
0.0063709053210914135
0.006360151804983616
0.006359273102134466
0.006355574354529381
0.006345345173031092
0.006334768608212471
0.006332783494144678
0.006331422831863165
0.006328811403363943
0.006327854935079813
0.006324763409793377
0.006257927045226097
0.006255507934838533
0.006254279520362616
0.006253646686673164
0.006253013852983713
0.006242765579372644
0.006223341450095177
0.006222780328243971
0.006219786591827869
0.006219187285751104
0.00621349411085248
0.006210158579051495
0.006209558341652155
0.006209071259945631
0.0062089585699141026
0.006208171136677265
0.006208096165210009
### epochs: 103900
