0.06768295168876648
0.012672660872340202
0.008979249745607376
0.008814351633191109
0.008643588982522488
0.008600517176091671
0.008546693250536919
0.008534342981874943
0.008472736924886703
0.00846943911164999
0.008340572007000446
0.008307622745633125
0.008299659006297588
0.00829820055514574
0.008297919295728207
0.00829519797116518
0.008294888772070408
0.008294748142361641
0.008294074796140194
0.008293990977108479
0.008290929719805717
0.008271783590316772
0.00826206710189581
0.008259869180619717
0.008259023539721966
0.008258599787950516
0.00825834646821022
0.00825826171785593
0.008258233778178692
0.008258205838501453
0.008255328983068466
0.008254680782556534
0.008254623971879482
0.008254483342170715
### epochs: 103900
