0.18950435519218445
0.014792433939874172
0.012764375656843185
0.01092955470085144
0.010092047974467278
0.010054326616227627
0.010045429691672325
0.010025384835898876
0.009978828020393848
0.00992867723107338
0.009921921417117119
0.009655136615037918
0.00964741688221693
0.009629637934267521
0.009627703577280045
0.009599803946912289
0.009599415585398674
0.009594758041203022
0.009592427872121334
0.00952969677746296
0.00952422246336937
0.009523831307888031
0.009489740245044231
0.00947834923863411
0.009477563202381134
0.009477170184254646
0.009412088431417942
0.009370834566652775
0.009370436891913414
0.009369641542434692
0.009369244799017906
0.009368847124278545
### epochs: 103900
