<<<<<<< HEAD
0.21951588988304138
0.02028057910501957
0.01960967481136322
0.016330981627106667
0.01483945269137621
0.01431193109601736
0.014212675392627716
0.014184338971972466
0.014154893346130848
0.014102159067988396
0.014101102948188782
=======
0.3062431514263153
0.022801348939538002
0.021829092875123024
0.018215082585811615
0.01782059296965599
0.015918830409646034
0.015836240723729134
0.015055778436362743
0.01505280937999487
0.015006210654973984
0.01497639063745737
0.014669784344732761
0.014646402560174465
0.01455250196158886
0.014526880346238613
0.01450737752020359
0.014480646699666977
0.014477559365332127
0.014470352791249752
0.014444585889577866
0.014391877688467503
0.014382556080818176
0.014155946671962738
0.014092646539211273
0.01406936440616846
0.014008864760398865
0.013998223468661308
0.013996094465255737
0.013988640159368515
0.013986509293317795
0.013984378427267075
0.01395664643496275
0.013954510912299156
0.013934207148849964
0.013933137990534306
0.013930998742580414
0.013847315683960915
0.013845163397490978
0.013833318836987019
0.013832241296768188
0.013830087147653103
>>>>>>> f60ed52ccb8acd11050102a0baf891a317615333
### epochs: 103900
