0.10804946720600128
0.009594345465302467
0.009115309454500675
0.008744231425225735
0.008355326019227505
0.007884970866143703
0.007724836468696594
0.007712891325354576
0.007685008458793163
0.007668236270546913
0.0075693437829613686
0.007565897889435291
0.007511231116950512
0.007403768133372068
0.007359356619417667
0.007309963461011648
0.00730585353448987
0.007296286523342133
0.007295137736946344
0.0072891986928880215
0.007283702492713928
0.007274618837982416
0.007272826042026281
0.007262125611305237
0.007257892284542322
0.007256160024553537
0.007255197037011385
0.007252436596900225
0.00724607752636075
0.007219003979116678
0.007213196251541376
0.007155314553529024
0.007152027450501919
0.007150464691221714
0.007149129640311003
0.007148412987589836
0.007148119620978832
0.007147957105189562
0.007142482325434685
0.007141993381083012
0.007141765207052231
0.007141243666410446
0.007141178473830223
0.00714111328125
### epochs: 105600
