0.23578432202339172
0.022340035066008568
0.01741652935743332
0.01598934642970562
0.0153837651014328
0.015196651220321655
0.01501564122736454
0.014616868458688259
0.014501727186143398
0.014499157667160034
0.01449787337332964
0.014461597427725792
0.014458248391747475
0.014398864470422268
0.0143986064940691
0.014298910275101662
0.014281444251537323
0.01427935715764761
0.014273877255618572
0.014272050000727177
0.01424670871347189
0.014222370460629463
0.014142782427370548
0.0141129856929183
0.01411166600883007
0.01409317459911108
0.014092117547988892
0.014083126559853554
0.014082597568631172
0.014082333073019981
0.014048431999981403
0.014047901146113873
### epochs: 104300
