0.11475475877523422
0.00615230156108737
0.005898859351873398
0.005096801090985537
0.004867625422775745
0.004589015617966652
0.004403000231832266
0.0042317770421504974
0.004204564727842808
0.004129694774746895
0.004043780732899904
0.004028955940157175
0.004000597167760134
0.00393706327304244
0.00391274131834507
0.003859900636598468
0.0038501766975969076
0.0038271890953183174
0.0038109722081571817
0.003805530956014991
0.003800388192757964
0.003791678696870804
0.003768581198528409
0.0037638209760189056
0.0037573198787868023
0.0037560805212706327
0.003755274461582303
0.003747702809050679
0.0037374377716332674
0.0037140031345188618
0.0036981713492423296
0.0036978565622121096
0.0036967231426388025
0.003694581100717187
0.003692879108712077
0.0036874529905617237
0.0036873898934572935
0.003680500900372863
0.003680058056488633
0.0036758799105882645
0.003674929728731513
### epochs: 103900
