0.29565107822418213
0.014927557669579983
0.012859746813774109
0.01194044854491949
0.011804900132119656
0.011784685775637627
0.011529022827744484
0.011139877140522003
0.010392478667199612
0.010198534466326237
0.010011253878474236
0.009877895005047321
0.009358900599181652
0.009314212948083878
0.009107132442295551
0.009080915711820126
0.009061203338205814
0.008910296484827995
0.008719272911548615
0.008642026223242283
0.008430808782577515
0.00832766480743885
0.008246750570833683
0.008228661492466927
0.008199636824429035
0.008197818882763386
0.00816868431866169
0.008165034465491772
### epochs: 103900
