0.07308434695005417
0.008083155378699303
0.007170267403125763
0.006576945073902607
0.006038124673068523
0.005727312993258238
0.005419684574007988
0.005372567567974329
0.005336432717740536
0.005314704496413469
0.005280819721519947
0.005204790737479925
0.005202732514590025
0.005191173870116472
0.005183049477636814
0.005177565850317478
0.005169960670173168
0.005168383941054344
0.0051504685543477535
0.005141872446984053
0.005127725191414356
0.0051202732138335705
0.00510278157889843
0.005100226029753685
0.005088342819362879
0.005064263008534908
0.0050515118055045605
0.00503590889275074
0.005033642984926701
0.00503142224624753
0.00503026507794857
0.005023456644266844
0.005017891526222229
0.005017195828258991
0.005011670291423798
0.005007533822208643
0.005005952902138233
0.004992819391191006
0.004992632661014795
0.0049921199679374695
0.004991699941456318
0.004971275106072426
0.004968651570379734
0.004967011045664549
0.004966495558619499
0.004907830152660608
0.004898997955024242
0.004897096659988165
0.0048934342339634895
0.004890816751867533
0.004876609891653061
0.00487512955442071
0.004874556325376034
0.004872788675129414
### epochs: 103900
