0.15280243754386902
0.013566565699875355
0.00955390278249979
0.008713290095329285
0.00862217415124178
0.008371389470994473
0.007422738242894411
0.007400119211524725
0.00683539267629385
0.006646389607340097
0.006392103154212236
0.006302304565906525
0.006162435282021761
0.0061333500780165195
0.0061071766540408134
0.00609190808609128
0.0060458704829216
0.005960857030004263
0.0059558553621172905
0.005952727049589157
0.005947718396782875
0.005907496903091669
0.005899293348193169
0.005898661911487579
0.005887915845960379
0.005886017344892025
0.005884751211851835
0.0058834850788116455
0.005880951881408691
0.005880318582057953
0.005873345769941807
0.005872076842933893
### epochs: 103900
