0.18653370440006256
0.010477800853550434
0.009245970286428928
0.00858840811997652
0.008264800533652306
0.007920002564787865
0.00779340323060751
0.007052136119455099
0.007008154410868883
0.006373426411300898
0.005919466260820627
0.005858739372342825
0.0057870857417583466
0.005773551762104034
0.005766449496150017
0.005764511413872242
0.005746387876570225
0.005725604947656393
0.005701480899006128
0.005678566172719002
0.005676597822457552
0.005671345163136721
0.005669374484568834
0.005667402874678373
0.005665430333465338
0.005660167429596186
0.00565950945019722
0.005658851005136967
0.0056581925600767136
### epochs: 103900
