0.19251322746276855
0.017937898635864258
0.013736029155552387
0.013147941790521145
0.012972806580364704
0.012933981604874134
0.012606382369995117
0.011908583343029022
0.011281437240540981
0.011000560596585274
0.010927509516477585
0.010889602825045586
0.010499821044504642
0.01030608918517828
0.010293430648744106
0.010075793601572514
0.009812433272600174
0.009754556231200695
0.009642396122217178
0.009633892215788364
0.009566761553287506
0.00956481508910656
0.009562866762280464
0.00955234281718731
0.009550782851874828
0.0095308693125844
0.009519918821752071
0.009444882161915302
0.009426326490938663
0.009425930678844452
0.009425139985978603
0.009421978145837784
0.00937957689166069
0.009372424334287643
0.009372027590870857
0.009367654100060463
0.009366858750581741
0.00936646107584238
### epochs: 105400
