0.11581272631883621
0.009121795184910297
0.006849241908639669
0.0060490272007882595
0.005701929796487093
0.005631671752780676
0.005591341760009527
0.005290906876325607
0.005157876759767532
0.005063941236585379
0.004924548324197531
0.004899853374809027
0.004880332387983799
0.004845284391194582
0.0048402841202914715
0.004753253422677517
0.004688298795372248
0.004654455929994583
0.004647247027605772
0.0046088616363704205
0.004597075749188662
0.0045891678892076015
0.004581602290272713
0.0045741768553853035
0.004566229414194822
0.004563678987324238
0.004550343845039606
0.004524687770754099
0.0045012133195996284
0.004501161631196737
0.004493965767323971
0.004492204170674086
0.004491737578064203
0.00449085608124733
0.004484578501433134
0.004476367961615324
0.00447465106844902
0.0044734543189406395
0.004472517408430576
0.004466057755053043
0.0044635022059082985
0.004457499366253614
0.004444788675755262
0.00443424703553319
0.004397762008011341
0.004397179465740919
0.004391298163682222
0.004391191992908716
0.004390980117022991
0.004390396643429995
0.004390237387269735
0.0043901847675442696
### epochs: 104900
