0.1248835027217865
0.0063276709988713264
0.005440994165837765
0.005156070925295353
0.004696783144026995
0.0045811450108885765
0.00450286827981472
0.004326398018747568
0.004310654941946268
0.004200354218482971
0.004110934212803841
0.004023578017950058
0.003997103776782751
0.003856038209050894
0.003791678696870804
0.003749566152691841
0.0037159458734095097
0.0037129998672753572
0.003688399912789464
0.0036878949031233788
0.0036511574871838093
0.0036003629211336374
0.0035894173197448254
0.0035672946833074093
0.0035627884790301323
0.0035346418153494596
0.0035306871868669987
0.003524482948705554
0.0035137648228555918
0.0035046087577939034
0.003497958881780505
0.0034905625507235527
0.0034894284326583147
0.003428918542340398
0.00342722050845623
0.003420692402869463
0.0034204202238470316
0.003420284017920494
0.0034194670151919127
0.0034193990286439657
### epochs: 104800
