0.2016732394695282
0.009602908045053482
0.008157274685800076
0.007383992895483971
0.006323548499494791
0.006257219705730677
0.006095576100051403
0.005928270518779755
0.005717140622437
0.005655558779835701
0.0055249459110200405
0.00549519807100296
0.005267443601042032
0.005222698207944632
0.005182600114494562
0.005137115716934204
0.005014549940824509
0.004981755279004574
0.004967526998370886
0.0049329097382724285
0.004858336877077818
0.004842977039515972
0.004814432002604008
0.004774806555360556
0.004772465210407972
0.004745066165924072
0.004733275156468153
0.004726974759250879
0.004726186860352755
0.004725398495793343
0.004711977206170559
0.004706440027803183
0.0047056484036147594
0.004696931689977646
0.004690582398325205
0.004687404725700617
0.004685814958065748
0.00468183821067214
0.004667493514716625
0.004649100359529257
0.0046482989564538
0.004645092412829399
0.004610477946698666
0.004577229730784893
0.0045731584541499615
0.004569899290800095
0.004569083917886019
0.004563373047858477
0.0045560197904706
0.004551111254841089
0.0045322454534471035
0.004530601669102907
0.004524841904640198
0.004517426248639822
0.004515776876360178
0.004512475803494453
0.004496762994676828
0.004491789266467094
0.004490959923714399
0.004489300772547722
### epochs: 103900
