0.189991295337677
0.00939148385077715
0.008134867064654827
0.007610083092004061
0.0069740512408316135
0.006382771767675877
0.006373426411300898
0.005830055568367243
0.005753514356911182
0.0053884051740169525
0.0053369998931884766
0.00527874706313014
0.0051645985804498196
0.005116042215377092
0.005083902273327112
0.004894243087619543
0.0048298826441168785
0.004802035633474588
0.004637868609279394
0.004553566221147776
0.004537995904684067
0.004521547816693783
0.004479331895709038
0.004476835951209068
0.004457656294107437
0.004441749304533005
0.0044097634963691235
0.004398767836391926
0.004392835311591625
### epochs: 103900
