0.11418256163597107
0.005296096671372652
0.004922845866531134
0.0046469965018332005
0.003754282370209694
0.0037096121814101934
0.003557556541636586
0.0035424716770648956
0.0033967860508710146
0.0033651078119874
0.003270439337939024
0.003199910279363394
0.0031639826484024525
0.0031268978491425514
0.0030834083445370197
0.003069331170991063
0.003037074115127325
0.0030169214587658644
0.003001989796757698
0.002996011869981885
0.002993679605424404
0.002992823952808976
0.0029914232436567545
0.00299072265625
0.0029878406785428524
0.0029844881501048803
0.0029801942873746157
0.0029713527765125036
0.0029700989834964275
0.002966098254546523
0.002956663491204381
0.0029348486568778753
0.002930323127657175
0.0029300053138285875
0.002927541034296155
0.0029099115636199713
0.0029075101483613253
0.0029041448142379522
0.002902460750192404
0.0029023003298789263
0.0029021399095654488
### epochs: 104400
