0.21308639645576477
0.015033988282084465
0.013852156698703766
0.010966303758323193
0.010717537254095078
0.01063834223896265
0.010247364640235901
0.009754556231200695
0.009315812960267067
0.0090677784755826
0.00875976774841547
0.008562343195080757
0.00812799483537674
0.008070961572229862
0.007873771712183952
0.0076817055232822895
0.007621822413057089
0.007492671255022287
0.007482721004635096
0.007269592024385929
0.0072434102185070515
0.007094795349985361
0.007085863500833511
0.0069943200796842575
0.006931723561137915
0.006882644258439541
0.00685824453830719
0.0067559052258729935
0.006646949797868729
0.006603090092539787
0.006594057194888592
0.006586708594113588
0.006582182366400957
0.006580484565347433
0.006574820727109909
0.00656801788136363
0.006564613897353411
0.006561776157468557
0.006560072768479586
0.006557232700288296
### epochs: 103900
