<<<<<<< HEAD
0.2800763249397278
0.021111460402607918
0.014483734034001827
0.013350943103432655
0.011672884225845337
0.01127813383936882
0.010900544002652168
0.01085671130567789
0.009610275737941265
0.009460252709686756
0.009355716407299042
0.009306210093200207
0.0087890625
0.008787366561591625
0.008778884075582027
0.008678160607814789
0.00864547397941351
0.008284608833491802
0.007999098859727383
0.00799164455384016
0.007894090376794338
0.007683645002543926
0.0075268992222845554
0.007289550267159939
0.007199044339358807
0.007145024836063385
0.0070737614296376705
0.006948363967239857
0.006892379838973284
0.006818476598709822
0.006794394459575415
0.006750389002263546
0.006714976858347654
0.006710537243634462
0.006661505904048681
0.006594057194888592
0.006539597176015377
0.006392103154212236
0.006361725740134716
0.006241124588996172
0.006219599395990372
0.006195594556629658
0.006176323629915714
0.006171496585011482
0.006156992167234421
=======
0.26406434178352356
0.013520630076527596
0.013259106315672398
0.012299454770982265
0.010515065863728523
0.010485264472663403
0.010069136507809162
0.009782395325601101
0.009678259491920471
0.009338179603219032
0.008859983645379543
0.00861266441643238
0.00855015218257904
0.00829359795898199
0.008244943805038929
0.008052940480411053
0.007899750955402851
0.007785751484334469
0.007780007552355528
0.007570328190922737
0.007475249469280243
0.0073506198823452
0.007192831952124834
0.006991123780608177
0.0067238472402095795
0.006692748982459307
0.006607601884752512
0.006605346221476793
0.006525911390781403
0.006431611254811287
0.006417694967240095
0.006368748843669891
0.0063546947203576565
0.006352349650114775
0.006331202574074268
0.006317065097391605
>>>>>>> f60ed52ccb8acd11050102a0baf891a317615333
### epochs: 103900
