0.06826899200677872
0.006335025653243065
0.00551891652867198
0.005094653461128473
0.004822066985070705
0.004402841441333294
0.004402154125273228
0.004347068257629871
0.0043137869797647
0.004238483961671591
0.0041207205504179
0.004059526138007641
0.004014250822365284
0.003980175592005253
0.003977542277425528
0.003972094506025314
0.003953057341277599
0.003941259812563658
0.003930552862584591
0.003929604776203632
0.0039244466461241245
0.003916191402822733
0.0039042229764163494
0.0039040439296513796
0.003901299787685275
0.0038939521182328463
0.0038928159046918154
0.003857668023556471
0.0038572456687688828
0.0038545283023267984
0.003842792008072138
0.003842004342004657
0.0038130490574985743
0.0038097503129392862
0.0038009395357221365
0.0037733353674411774
0.0037695076316595078
0.0037635115440934896
0.0037611599545925856
0.003760912222787738
0.003745216876268387
0.0037446573842316866
0.0037438489962369204
0.003740987041965127
### epochs: 103900
