0.18558886647224426
0.027082420885562897
0.026779204607009888
0.02639796957373619
0.02625618688762188
0.02624199353158474
0.02623901329934597
0.026234185323119164
0.026231912896037102
0.02622651681303978
0.026223959401249886
0.026221686974167824
0.02621912956237793
0.026214012876152992
0.026209749281406403
0.02620747499167919
0.026203779503703117
0.026202358305454254
0.02620093524456024
0.026199372485280037
0.026198945939540863
0.02548157423734665
0.025354506447911263
0.02534407190978527
0.02534230798482895
0.02534186653792858
0.025341279804706573
0.025340985506772995
0.025340838357806206
0.025340544059872627
0.025340396910905838
### epochs: 103900
