0.06008165329694748
0.00224120169878006
0.002072550356388092
0.002065911889076233
0.0018407031893730164
0.001840241253376007
0.0018401816487312317
0.0018401667475700378
0.00171554833650589
0.001715332269668579
0.0016567781567573547
0.0016564205288887024
0.0016564056277275085
0.001640908420085907
0.0016371533274650574
0.0016371384263038635
0.0016371235251426697
### epochs: 103900
0.2364017367362976
0.040556471794843674
0.04055142030119896
0.040549859404563904
0.04054930806159973
0.04054921492934227
0.04054912179708481
0.04010190814733505
0.04010060802102089
0.04010051488876343
0.04005524888634682
0.040055155754089355
0.040055062621831894
0.04005496948957443
### epochs: 103900
