0.00943615660071373
0.00030896300449967384
0.00030783237889409065
0.00030679022893309593
0.00030557578429579735
0.0003043166361749172
0.0003031911328434944
0.00030273571610450745
0.0003011566586792469
0.0003003035672008991
0.0002836966887116432
0.00028266245499253273
0.00028067687526345253
0.00026711029931902885
0.00026707910001277924
0.0002664076164364815
0.0002662451006472111
0.00026611238718032837
0.0002660187892615795
0.00026591261848807335
0.00026576127856969833
0.00026570726186037064
0.00026152143254876137
0.0002611437812447548
0.00026085367426276207
0.0002606255002319813
0.00026041222736239433
0.0002600974403321743
0.0002599963918328285
0.0002599344588816166
0.0002598869614303112
0.0002598515711724758
0.00025983573868870735
0.0002598040737211704
0.00025978172197937965
0.00025976868346333504
0.00025969184935092926
0.0002596592530608177
0.0002596410922706127
0.0002595908008515835
0.00025957776233553886
0.00025956565514206886
0.0002595554105937481
### epochs: 103900
