0.09572232514619827
0.02117476798593998
0.02082252874970436
0.020251259207725525
0.020133310928940773
0.02006874792277813
0.01990429311990738
0.01973048225045204
0.01957949437201023
0.01941494829952717
0.019383562728762627
0.019371138885617256
0.019060224294662476
0.018507735803723335
0.017950277775526047
0.017940714955329895
0.01786881685256958
0.017842086032032967
0.017838235944509506
0.01777513325214386
0.017733627930283546
0.017710912972688675
0.017665566876530647
0.017662731930613518
0.017662599682807922
0.017660755664110184
0.0176534503698349
0.017653105780482292
0.017652804031968117
0.017652539536356926
0.017652183771133423
0.017651893198490143
0.017651841044425964
0.017651814967393875
0.017651787027716637
0.017651747912168503
### epochs: 105300
