0.004895771387964487
0.0004944088868796825
0.0004903743974864483
0.00048452103510499
0.00048448285087943077
0.00048403115943074226
0.0004835748113691807
0.0004813908599317074
0.0004766746424138546
0.00047647254541516304
0.00047608232125639915
0.00047584110870957375
0.0004747901111841202
0.00047474587336182594
0.0004745214246213436
0.0004730350337922573
0.0004715309478342533
0.0004713623784482479
0.00047119706869125366
0.0004710843786597252
0.00047092605382204056
0.0004708371125161648
0.00047074537724256516
0.0004706992767751217
0.00047068996354937553
0.000470681581646204
0.0004683462902903557
0.000468322541564703
0.00046832021325826645
0.0004683188162744045
0.0004683178849518299
### epochs: 103900
