0.18540780246257782
0.019465526565909386
0.01681848056614399
0.01641630195081234
0.016265153884887695
0.01617005467414856
0.01583929918706417
0.01583506539463997
0.015833653509616852
0.014672831632196903
0.014541233889758587
0.014502497389912605
0.014493761584162712
0.014490677043795586
0.014489133842289448
0.014480904676020145
0.014480646699666977
0.014480389654636383
0.014479875564575195
0.013761227950453758
0.013690118677914143
0.013689574785530567
0.01368685346096754
0.013685764744877815
0.013685219921171665
0.013684675097465515
### epochs: 103900
