0.2966492474079132
0.02689206413924694
0.02519916743040085
0.0247709508985281
0.02472398430109024
0.024421995505690575
0.023295927792787552
0.02328697219491005
0.023116134107112885
0.02311548963189125
0.023114200681447983
0.0231135543435812
0.023112909868359566
0.02277715504169464
0.022716889157891273
0.02271164022386074
0.022708360105752945
0.022706391289830208
0.02270573377609253
0.022217467427253723
0.022209417074918747
0.0222080759704113
0.022207405418157578
0.022074146196246147
0.022033607587218285
0.022032253444194794
0.022030901163816452
0.021801771596074104
0.021801088005304337
0.0217997208237648
0.021799037232995033
0.021797670051455498
0.02179698646068573
0.021795619279146194
### epochs: 103900
