0.003936523571610451
0.0001864209771156311
0.0001855660229921341
0.0001848987303674221
0.000183232594281435
0.00018209824338555336
0.0001808726228773594
0.00017626816406846046
0.00016826903447508812
0.00016747089102864265
0.00016348576173186302
0.00016195373609662056
0.00015982193872332573
0.00015336321666836739
0.00015326449647545815
0.00015319744125008583
0.00015317974612116814
0.0001531713642179966
0.0001527862623333931
0.00015192711725831032
0.00015171244740486145
0.00014792848378419876
0.00014657480642199516
0.00014653941616415977
### epochs: 103900
