0.014972828328609467
0.0001497170887887478
0.00014746468514204025
0.00013992469757795334
0.00013201218098402023
0.0001281476579606533
0.0001219375990331173
0.00012170663103461266
0.00011976482346653938
0.00011967029422521591
0.00011895783245563507
0.00011857831850647926
0.00011816294863820076
0.00011377222836017609
0.0001115892082452774
0.0001096813939511776
0.00010907789692282677
0.00010879198089241982
0.00010840641334652901
0.00010744482278823853
0.00010736705735325813
0.00010728975757956505
0.00010700663551688194
0.00010643107816576958
0.00010640500113368034
0.00010586017742753029
0.00010507181286811829
0.00010505924001336098
0.00010500429198145866
0.00010487576946616173
0.00010467739775776863
0.00010463176295161247
0.012960229068994522
0.0002029305323958397
0.00015033269301056862
0.0001294356770813465
0.00012743566185235977
0.0001271241344511509
0.00012510968372225761
0.00012026261538267136
0.00011757528409361839
0.00011559715494513512
0.00011558039113879204
0.00011337688192725182
0.00011262437328696251
0.00011229421943426132
0.00011206325143575668
0.0001118779182434082
0.00011187279596924782
0.00011184858158230782
0.00011184299364686012
0.00011115055531263351
0.00011008046567440033
0.00011004786938428879
0.00010991888120770454
0.00010986113920807838
0.00010968511924147606
0.00010966742411255836
0.00010965298861265182
0.0001096515916287899
0.00010964926332235336
0.00010964833199977875
0.00010964740067720413
### epochs: 105000
