0.13110387325286865
0.011231442913413048
0.0104302279651165
0.010123375803232193
0.009919480420649052
0.009847890585660934
0.00982938427478075
0.009821493178606033
0.00981599185615778
0.009813382290303707
0.009547881782054901
0.009392029605805874
0.009387764148414135
0.009285170584917068
0.009283891879022121
0.009282512590289116
0.009281082078814507
0.009281056933104992
0.009279978461563587
0.00927947647869587
0.009277494624257088
0.00924745574593544
0.009244987741112709
0.009243602864444256
0.009242217056453228
0.009241965599358082
0.009197721257805824
0.00919569656252861
0.009194683283567429
0.009193923324346542
0.009193417616188526
0.009193138219416142
0.009192961268126965
0.009192859753966331
0.00919265765696764
0.009192556142807007
0.009192454628646374
0.009085298515856266
0.009084401652216911
0.009083838202059269
0.009083658456802368
0.009083351120352745
0.009083299897611141
0.009083095006644726
0.009083017706871033
0.009015064686536789
0.009013541042804718
0.009012456052005291
0.009012301452457905
0.009011371061205864
0.009011241607367992
0.009010208770632744
0.009009536355733871
0.009002918377518654
0.009002452716231346
0.009002401493489742
0.009001935832202435
0.009001728147268295
0.009001599624752998
0.009001573547720909
0.009001470170915127
0.009001366794109344
0.009001288563013077
0.009001263417303562
0.00898668821901083
0.008986118249595165
0.008985962718725204
0.008985885418951511
0.008985833264887333
0.00898575596511364
0.008887874893844128
0.008884154260158539
0.008884101174771786
0.008876681327819824
0.008875317871570587
0.008875212632119656
0.008873087354004383
0.0088723786175251
0.008865395560860634
0.008865343406796455
0.008865317329764366
### epochs: 103900
