
0.22642172873020172
0.02590307779610157
0.025016076862812042
0.024979863315820694
0.02479635365307331
0.02447563037276268
0.02350115031003952
0.022878497838974
0.0228690505027771
0.022868724539875984
0.02266007661819458
0.022659912705421448
0.022659748792648315
0.022659584879875183
0.022529663518071175
0.02246972545981407
0.02239433117210865
0.0223916694521904
0.02239150181412697
0.022379020228981972
0.022354036569595337
0.022309331223368645
0.022309163585305214
0.022308995947241783
0.02211444452404976
0.021950434893369675
0.021948568522930145
0.021947888657450676
0.021947719156742096
0.021663783118128777
0.021433858200907707
0.021431945264339447
0.021431250497698784
0.021431077271699905
0.021430728957057
0.02104288339614868
### epochs: 103900
