0.4007420837879181
0.049598414450883865
0.043248049914836884
0.042982619255781174
0.04251132532954216
0.042390573769807816
0.04227793961763382
0.04209992662072182
0.04189271107316017
0.04183005914092064
0.041827209293842316
0.04166444018483162
0.041624367237091064
0.04161577299237251
0.04161004349589348
0.041253264993429184
0.04119542986154556
0.04119253531098366
0.04118964076042175
0.04118674620985985
0.04112591966986656
0.0410214364528656
0.0410185307264328
0.04028542339801788
0.04021730646491051
0.04020841047167778
0.039857033640146255
0.03984805941581726
0.039845068007707596
0.03984207287430763
0.03983908146619797
0.0398360900580883
0.039830103516578674
0.03929981589317322
0.039290715008974075
0.039281610399484634
0.039272505789995193
0.03926946967840195
0.03890042006969452
0.038891226053237915
0.03888816013932228
0.03880223259329796
0.03878994286060333
0.038768425583839417
0.038762275129556656
0.038759198039770126
0.038397662341594696
0.03831374645233154
0.03830752521753311
0.0383044108748436
0.038157857954502106
0.038148485124111176
0.03798564523458481
0.0379825085401535
### epochs: 103900
