0.3957952558994293
0.059544291347265244
0.05211358889937401
0.050434984266757965
0.049115367233753204
0.04870590195059776
0.04841376841068268
0.04833984375
0.04792375490069389
0.04762431979179382
0.04699944704771042
0.04699437692761421
0.04697407782077789
0.04697154089808464
0.04675022140145302
0.04674001783132553
0.04625546932220459
0.04624257981777191
0.04623226821422577
0.04610833525657654
0.04603329673409462
0.04597628861665726
0.04547835886478424
0.04538389667868614
0.04537338763475418
0.04495901241898537
0.04495105519890785
0.04471707344055176
0.04471440613269806
0.04470907524228096
0.044698409736156464
0.04173876717686653
0.04157565161585808
0.041544098407030106
0.0415240079164505
0.04151539504528046
0.04133986309170723
0.04133697971701622
0.0413312129676342
0.041261933743953705
0.04125615209341049
0.041172273457050323
0.04112302139401436
0.04111722484230995
0.04110852628946304
0.04108241945505142
0.04107951745390892
0.0408145897090435
0.040761981159448624
0.04067414999008179
0.040474362671375275
0.04047141596674919
0.040468472987413406
0.04045668616890907
0.04026470333337784
0.04026174172759056
0.03965913876891136
0.0396561324596405
0.03963508456945419
0.039487436413764954
0.0394844152033329
0.039478376507759094
0.03936346620321274
0.03935740888118744
0.03935437649488449
0.03934831917285919
0.03928464651107788
0.03927554190158844
### epochs: 104200
