0.35120153427124023
0.04738718643784523
0.0397866815328598
0.03916307911276817
0.039033498615026474
0.03881144896149635
0.03840697556734085
0.038372818380594254
0.03836815804243088
0.03770846500992775
0.0376800037920475
0.03669426217675209
0.03607998788356781
0.03605685010552406
0.03595421463251114
0.035584282130002975
0.035567525774240494
0.03555244207382202
0.0354483425617218
0.03543657064437866
0.03543320670723915
0.035409651696681976
0.03540628403425217
0.03529500216245651
0.03525106608867645
0.03524937480688095
0.03522569313645363
0.035142682492733
0.035125717520713806
0.03508497029542923
0.03505607694387436
0.03505437821149826
0.035050977021455765
0.0346851572394371
0.03466453030705452
0.03451288491487503
0.03449561074376106
0.034493882209062576
0.03449215367436409
0.03436056897044182
0.03435710072517395
0.03432586044073105
0.034322384744882584
0.03431891277432442
0.03410112485289574
0.03409063443541527
0.034085389226675034
0.03408189117908478
0.03406265005469322
0.03375503420829773
0.033744439482688904
0.03374267369508743
0.03371085971593857
0.0337090939283371
0.03370732441544533
0.03366308659315109
0.033659547567367554
0.033657774329185486
0.03362056612968445
0.0335957370698452
0.03358864039182663
0.03354246914386749
0.03353891521692276
0.03350868821144104
0.03350335359573364
0.03339286893606186
0.033328548073768616
0.033314239233732224
0.033278435468673706
0.033276643604040146
### epochs: 103900
