0.6092149615287781
0.07207732647657394
0.06567882001399994
0.0648035854101181
0.06444387882947922
0.06442907452583313
0.06349533796310425
0.06317348033189774
0.06273416429758072
0.06241029128432274
0.062387365847826004
0.06238545477390289
0.06226112321019173
0.0622553788125515
0.06126129999756813
0.06125740706920624
0.06123599782586098
0.06123404949903488
0.06109372153878212
0.06056065484881401
0.05995529145002365
0.059947337955236435
0.05993938073515892
0.059929437935352325
0.05947618559002876
0.05937989801168442
0.05936785042285919
0.05936383455991745
0.05936182662844658
0.05910220369696617
0.0591001883149147
0.0590941347181797
0.05853471904993057
0.058526571840047836
0.058510277420282364
0.05837565287947655
0.058347053825855255
0.058271411806344986
0.05822024494409561
0.057449355721473694
0.05742444843053818
0.05742029845714569
0.05719147250056267
0.056558482348918915
0.05627110227942467
0.05618205666542053
0.056177813559770584
0.056041840463876724
0.056031204760074615
0.05581377074122429
0.05579454451799393
0.055785998702049255
0.05576462671160698
0.05574110522866249
0.05572185665369034
0.05571971461176872
0.055717576295137405
0.055614784359931946
0.055610496550798416
0.0556083545088768
0.055606208741664886
0.05560192093253136
0.055365581065416336
0.05532681196928024
0.05532034859061241
0.055275075137615204
0.05525350570678711
0.0552513487637043
0.05522976815700531
0.055218975991010666
0.05521465837955475
0.05521034076809883
0.055206019431352615
0.05502866953611374
0.05501783639192581
0.054941948503255844
0.05487247183918953
0.054846394807100296
0.0546635165810585
0.0546613372862339
0.054654791951179504
0.054536882787942886
0.05451502278447151
0.054512836039066315
0.05451064929366112
0.05448658764362335
0.05448221042752266
0.05448002368211746
0.05447564646601677
0.05443186312913895
0.05441433936357498
0.054412148892879486
0.05433102697134018
### epochs: 103900
