0.5378056168556213
0.06757360696792603
0.06462305784225464
0.06377072632312775
0.0636584684252739
0.06344838440418243
0.0634145587682724
0.06336189806461334
0.06270375102758408
0.06266572326421738
0.06246756762266159
0.06163378432393074
0.06125546246767044
0.06119510158896446
0.06118731200695038
0.06091589853167534
0.06090807169675827
0.06075914204120636
0.060422707349061966
0.0601101778447628
0.060096293687820435
0.05653740093111992
0.05632404237985611
0.05631769075989723
0.05630287155508995
0.056300755590200424
0.05593964457511902
0.05593325197696686
0.05590127408504486
0.0558948740363121
0.055890608578920364
0.05587994307279587
0.055865008383989334
0.055862873792648315
0.05539141222834587
0.055384956300258636
0.05538065358996391
0.0553785003721714
0.05537634715437889
0.055206019431352615
0.05518442392349243
0.055182263255119324
0.0551476888358593
0.05492892861366272
0.05492458865046501
0.05489419400691986
0.0547005757689476
0.05464606732130051
0.05464388430118561
0.05415080860257149
0.054148606956005096
0.054146405309438705
0.05404283106327057
0.05404062569141388
0.05325400456786156
0.05324281007051468
0.0532405711710453
### epochs: 103900
