0.3312537670135498
0.0433993861079216
0.03898613154888153
0.038637518882751465
0.03855876252055168
0.03828573226928711
0.03780318796634674
0.03769107535481453
0.037481747567653656
0.03745788708329201
0.037288833409547806
0.03692258521914482
0.03685472533106804
0.03681103140115738
0.036591786891222
0.036541253328323364
0.03653798997402191
0.036459606140851974
0.0354752391576767
0.03545675054192543
0.035455070436000824
0.03545338660478592
0.03545002639293671
0.035409651696681976
0.03539954870939255
0.03509346395730972
0.03508666902780533
0.03508497029542923
0.03495391085743904
0.0349300317466259
0.03491808474063873
0.03491637855768204
0.03491466864943504
0.03491125628352165
0.03479667752981186
0.03478297218680382
0.03460601717233658
0.03453877940773964
0.0344783253967762
0.03447659686207771
0.0344662219285965
0.03441257029771805
0.034407373517751694
0.03440564125776291
0.03437444567680359
0.03436924144625664
0.03430675342679024
0.034305017441511154
0.03430154174566269
0.03416573256254196
0.03416398912668228
0.0341622456908226
0.034055646508932114
0.03405039757490158
0.03404339402914047
0.034041643142700195
0.03403989225625992
0.03397153317928314
0.033969778567552567
0.033966269344091415
0.03394871577620506
0.03387313708662987
0.033871378749608994
0.03386785835027695
### epochs: 103900
