0.1806240975856781
0.016496438533067703
0.01458880677819252
0.013735487125813961
0.013186701573431492
0.012354757636785507
0.012342691421508789
0.01229763776063919
0.011911710724234581
0.011902950704097748
0.011892931535840034
0.01189073920249939
0.011795428581535816
0.011794797144830227
0.011794481426477432
0.01171016413718462
0.011709527112543583
0.011709209531545639
0.011708573438227177
0.011705072596669197
0.011704436503350735
0.011650202795863152
0.01164732500910759
0.011647004634141922
0.011646045371890068
0.0116457249969244
0.011631641536951065
0.011631321161985397
0.011630681343376637
0.011629079468548298
0.011627797968685627
0.011596037074923515
0.011594430543482304
0.011593787930905819
### epochs: 103900
