0.06641700863838196
0.01134219765663147
0.01061432808637619
0.01058300118893385
0.010542774572968483
0.01052332203835249
0.010419306345283985
0.010332352481782436
0.010332330130040646
0.010298292152583599
0.010279758833348751
0.010279170237481594
0.010268133133649826
0.010058007203042507
0.010057428851723671
0.0100542102009058
0.010049045085906982
0.01004649605602026
0.010032976046204567
0.010031490586698055
0.010029123164713383
0.00997962150722742
0.009969677776098251
0.009955468587577343
0.00994065310806036
0.00993992667645216
0.009933998808264732
0.009927364066243172
0.009845644235610962
0.009845218621194363
0.009845077060163021
0.009844768792390823
0.009844650514423847
0.009844603948295116
0.00984441488981247
### epochs: 103900
