0.1593685746192932
0.014325199648737907
0.014161997474730015
0.013931266032159328
0.01380798127502203
0.013322452083230019
0.013212666846811771
0.013175396248698235
0.013129227794706821
0.013111055828630924
0.013067511841654778
0.012617016211152077
0.012586863711476326
0.012532585300505161
0.012407412752509117
0.012392391450703144
0.012317916378378868
0.01231005135923624
0.01230914331972599
0.01230884063988924
0.01230853796005249
0.012289455160498619
0.012288849800825119
0.012185344472527504
0.012006407603621483
### epochs: 103900
