0.11514078080654144
0.014341979287564754
0.010238385759294033
0.009805074892938137
0.009599633514881134
0.00946271326392889
0.009284693747758865
0.009274281561374664
0.009138778783380985
0.009138677269220352
0.009028846397995949
0.00900997593998909
0.008900518529117107
0.008893478661775589
0.008886067196726799
0.0088642667979002
0.008794808760285378
0.008785565383732319
0.00875979382544756
0.008752827532589436
0.008724958635866642
0.008723064325749874
0.008720741607248783
0.008718845434486866
0.00870604533702135
0.008703798055648804
0.008688457310199738
0.008684355765581131
0.008680306375026703
0.00867998506873846
0.008673571050167084
0.008672953583300114
0.00867255125194788
0.008672497235238552
0.008671960793435574
0.00867193378508091
0.008671906776726246
0.008671879768371582
### epochs: 105400
