<<<<<<< HEAD
0.2959118187427521
0.021844789385795593
0.017728375270962715
0.017677029594779015
0.01760946214199066
0.01760692335665226
0.01760607771575451
0.017603537067770958
0.0175832100212574
0.0175823625177145
0.0175713412463665
0.0175696462392807
0.01756794936954975
0.017311619594693184
0.017112499102950096
0.017111627385020256
=======
0.2799088954925537
0.02336682192981243
0.02146078087389469
0.021373113617300987
0.019185632467269897
0.019156094640493393
0.01891656592488289
0.018914202228188515
0.01891183853149414
0.01877661980688572
0.018224896863102913
0.018223261460661888
0.01821999065577984
0.018218355253338814
0.01821344718337059
0.01820199005305767
0.018128981813788414
0.018127338960766792
0.017667753621935844
0.017664380371570587
0.017662692815065384
>>>>>>> f60ed52ccb8acd11050102a0baf891a317615333
### epochs: 103900
