0.1959553211927414
0.013367953710258007
0.011546134948730469
0.010724139399826527
0.010300303809344769
0.009995240718126297
0.009898991324007511
0.00984540767967701
0.009819644503295422
0.009473631158471107
0.009386722929775715
0.009190605953335762
0.0091479467228055
0.009144280105829239
0.009143873117864132
0.009097309783101082
0.009081736207008362
0.009080915711820126
0.0088973268866539
0.008896907791495323
0.008878045715391636
0.008875527419149876
0.008874688297510147
0.008873848244547844
0.008870068937540054
0.008865868672728539
0.008865448646247387
0.00883303303271532
0.008772941306233406
0.008769968524575233
0.008739757351577282
0.008739330805838108
0.00873847771435976
0.008648920804262161
0.008581031113862991
0.008578425273299217
0.00857712235301733
0.00856930110603571
0.008568866178393364
0.008539251983165741
0.008537507615983486
0.008536634966731071
0.008535325527191162
0.008532269857823849
0.008531833067536354
### epochs: 103900
