<<<<<<< HEAD
0.3009393513202667
0.02204510010778904
0.01746842823922634
0.016282550990581512
0.014869547449052334
0.01362383458763361
0.013354291208088398
0.013296141289174557
0.01327819749712944
0.013129227794706821
0.013096272945404053
0.013075776398181915
0.012999198399484158
0.012996905483305454
0.012992318719625473
0.012726964429020882
0.012678869068622589
0.01267416775226593
0.012668287381529808
0.012510866858065128
0.012509675696492195
0.012504910118877888
0.012466720305383205
0.012423615902662277
0.012418816797435284
0.012385174632072449
0.01235626544803381
0.012344200164079666
0.012295819818973541
0.012254546396434307
0.012252113781869411
0.01224481500685215
0.012236293405294418
0.012203368358314037
0.012200926430523396
0.012196039780974388
0.012170354835689068
0.012169131077826023
0.012064598500728607
0.012048531323671341
0.012047294527292252
0.012044820934534073
0.012043583206832409
0.0120225315913558
=======
0.2713879644870758
0.020260730758309364
0.017149033024907112
0.015043896622955799
0.014408433809876442
0.01408841647207737
0.013636953197419643
0.013259106315672398
0.012569093145430088
0.012270343489944935
0.012242380529642105
0.012171579524874687
0.01211390271782875
0.012080644257366657
0.011964135803282261
0.011962890625
0.011954167857766151
0.011952921748161316
0.011897942051291466
0.011837673373520374
0.011835156008601189
0.011744153685867786
0.011740346439182758
0.011737807653844357
0.011698387563228607
0.011694565415382385
0.011665222235023975
0.011648603715002537
0.011637085117399693
0.011635804548859596
0.011633243411779404
>>>>>>> f60ed52ccb8acd11050102a0baf891a317615333
### epochs: 103900
