0.15615655481815338
0.012604905292391777
0.009924548678100109
0.009062024764716625
0.009025776758790016
0.008786519058048725
0.008524843491613865
0.008465643972158432
0.008459481410682201
0.008419312536716461
0.008387838490307331
0.00832766480743885
0.008307510055601597
0.008288205601274967
0.008287306874990463
0.008281011134386063
0.00823635421693325
0.008232735097408295
0.008216429501771927
0.008211440406739712
0.008196909911930561
0.008187361061573029
0.008183719590306282
0.008181898854672909
0.00817643292248249
0.008175977505743504
0.008166859857738018
0.008165034465491772
0.008160014636814594
0.008152706548571587
0.008152250200510025
0.008151335641741753
0.007973911240696907
0.007972976192831993
0.0079701729118824
0.00796877034008503
0.007964094169437885
0.007963626645505428
0.007955201901495457
0.007954733446240425
0.007954264990985394
### epochs: 103900
