0.1113167554140091
0.008478066883981228
0.007726313080638647
0.007340793963521719
0.00721558416262269
0.007092793472111225
0.00677816616371274
0.0067281052470207214
0.0066437614150345325
0.006626321468502283
0.006594975013285875
0.006521985400468111
0.006499527953565121
0.006382443476468325
0.006335650570690632
0.006272568833082914
0.006257964298129082
0.006234331056475639
0.006226333789527416
0.006210795603692532
0.006180054508149624
0.006178811192512512
0.006164739839732647
0.006150143686681986
0.006146887317299843
0.006141582038253546
0.0061250305734574795
0.0061234720051288605
0.006121608428657055
0.00611932622268796
0.006115291733294725
0.006104965228587389
0.006102981511503458
0.006094315089285374
0.006085904315114021
0.006070160306990147
0.006065018475055695
0.006053759716451168
### epochs: 103900
