0.1274583786725998
0.007790714036673307
0.007068295497447252
0.006399347446858883
0.0062733483500778675
0.005970302037894726
0.005967688746750355
0.0059561291709542274
0.00582386227324605
0.005780765786767006
0.005621491931378841
0.005606976803392172
0.005590217188000679
0.00557678984478116
0.005574910901486874
0.005569144617766142
0.005547152366489172
0.005546018946915865
0.00554534699767828
0.005539759993553162
0.00553921377286315
0.0055377003736793995
0.005508443806320429
0.005494308192282915
0.005439239088445902
0.0054385545663535595
0.005437741056084633
0.005436884704977274
0.005436799023300409
0.005413366016000509
0.0054116020910441875
0.0054113008081912994
0.005410741548985243
0.00540996715426445
0.005409708712249994
0.005366713739931583
0.005358551163226366
0.005331937223672867
0.005322409328073263
0.005322146695107222
0.005316018592566252
0.005315010901540518
0.005314748268574476
0.005314485169947147
0.005312732420861721
0.005310847889631987
0.005310672335326672
0.005302248056977987
0.0052981628105044365
0.005298074800521135
0.005295613314956427
0.0052934144623577595
0.005289894528687
0.005288309883326292
0.005285094957798719
0.005285050719976425
0.005284653976559639
0.005284477956593037
0.005274467170238495
0.0052621811628341675
0.005262092687189579
### epochs: 103900
