0.07213237881660461
0.008765321224927902
0.0077808452770113945
0.0075807468965649605
0.007489749696105719
0.00747920386493206
0.007477118168026209
0.0074241808615624905
0.007259752601385117
0.007224194705486298
0.007207739166915417
0.007076920475810766
0.00707497913390398
0.007037892006337643
0.007014264818280935
0.006997049320489168
0.006996749434620142
0.006951713934540749
0.006873030215501785
0.006869879085570574
0.006869472097605467
0.00686882808804512
0.006861027795821428
### epochs: 103900
