0.10280120372772217
0.00708491075783968
0.006560285575687885
0.006159412208944559
0.0054099238477647305
0.005111717153340578
0.004857474472373724
0.004685963969677687
0.004588813055306673
0.004497176967561245
0.004457029514014721
0.004377650562673807
0.0043598501943051815
0.004341333173215389
0.004338812083005905
0.004325644578784704
0.004314973950386047
0.004275565966963768
0.00425471318885684
0.004250004421919584
0.004244083538651466
0.0042210896499454975
0.004215404391288757
0.004194696433842182
