0.11207180470228195
0.007050155196338892
0.006588299293071032
0.00635223975405097
0.005764874629676342
0.005583048798143864
0.005393372382968664
0.0052290246821939945
0.005199599079787731
0.005075743887573481
0.005063895136117935
0.005000135395675898
0.004991699941456318
0.004962321370840073
0.00494384765625
0.004933003801852465
0.004929982125759125
0.004919060505926609
0.004908114671707153
0.004878996405750513
0.004849463235586882
0.0048437463119626045
0.004839851055294275
0.004837782122194767
0.004830268211662769
### epochs: 103900
