0.3108178675174713
0.020886512473225594
0.01729525625705719
0.016789883375167847
0.014727569185197353
0.01369800791144371
0.013487526215612888
0.01290023885667324
0.012151975184679031
0.011697113513946533
0.011361068114638329
0.010870427824556828
0.010619415901601315
0.0105730090290308
0.010412532836198807
0.010027613490819931
0.009837079793214798
0.009788486175239086
0.009731997735798359
0.009716673754155636
0.00970439799129963
0.009699790738523006
0.009696717374026775
0.009669017046689987
0.009655136615037918
0.009645871818065643
0.009628864005208015
0.009619574062526226
0.009558971039950848
0.00945237372070551
0.009439753368496895
0.009436596184968948
0.009411296807229519
0.009382753632962704
0.00938116479665041
0.009368449449539185
0.009315812960267067
0.009314212948083878
0.00930781103670597
0.009294995106756687
0.00924999825656414
0.009245163761079311
0.009241940453648567
0.009233875200152397
### epochs: 103900
