0.06829836219549179
0.009069010615348816
0.007616658229380846
0.007000775076448917
0.006250481121242046
0.006211545318365097
0.006210533436387777
0.006130995694547892
0.0060987453907728195
0.006026893388479948
0.005864617880433798
0.005863823927938938
0.005837160162627697
0.00582154281437397
0.00579372001811862
0.005711028818041086
0.005660208873450756
0.0056596738286316395
0.005653211381286383
0.005627990700304508
0.005568057298660278
0.005566217005252838
0.005558682605624199
0.005546270869672298
0.005519676022231579
0.005517692770808935
0.005517017561942339
0.005516595672816038
0.005516426637768745
0.005516215693205595
### epochs: 103900
