0.2096388041973114
0.013684947974979877
0.009031965397298336
0.00794536154717207
0.007650118321180344
0.007590476889163256
0.007100044284015894
0.006731599569320679
0.006698313169181347
0.006687180604785681
0.006585577502846718
0.006580484565347433
0.006575953681021929
0.006331202574074268
0.006315295584499836
0.00628039613366127
0.006228577345609665
0.006195594556629658
0.0061666653491556644
0.0061509390361607075
0.006149727385491133
0.006115710362792015
0.006114492192864418
0.006112664006650448
0.006101684179157019
0.006097408942878246
0.0060967979952692986
0.006075987592339516
0.006069853436201811
0.006069239694625139
0.006066170055419207
0.006064941640943289
0.00606432743370533
0.00606186967343092
### epochs: 104300
