0.16410140693187714
0.01100259181112051
0.010960187762975693
0.008329453878104687
0.00768655352294445
0.007331843953579664
0.007130410987883806
0.006971914321184158
0.006912349257618189
0.0068658445961773396
0.0067387898452579975
0.006679377052932978
0.006646949797868729
0.006630115211009979
0.006611546967178583
0.00659744581207633
0.006594622042030096
0.0065934918820858
0.006592927034944296
0.006592362187802792
0.0065787858329713345
0.006577653344720602
0.006576520390808582
0.0065742540173232555
0.006572553887963295
0.0065719871781766415
0.006571420468389988
0.006532758008688688
0.006531046703457832
0.006530476734042168
0.006529335398226976
0.006524769589304924
### epochs: 103900
