0.16147346794605255
0.018208947032690048
0.016023559495806694
0.01596369780600071
0.015404093079268932
0.015377226285636425
0.015374560840427876
0.015368501655757427
0.015366320498287678
0.014798476360738277
0.014797218143939972
0.014796966686844826
0.014796462841331959
0.014795958995819092
0.014794952236115932
0.014749307185411453
0.014744507148861885
0.014744254760444164
0.014743749052286148
0.014743244275450706
0.014729592949151993
0.014729339629411697
0.014729087240993977
0.014714663848280907
0.014706559479236603
0.01464309636503458
0.014593146741390228
0.01453713420778513
0.014536108821630478
0.01453559659421444
0.01453534048050642
0.014535083435475826
0.014533289708197117
0.014531238935887814
0.0145307257771492
0.014530213549733162
0.014529700390994549
### epochs: 103900
