0.252731055021286
0.03742644563317299
0.035257406532764435
0.03322555497288704
0.03311999514698982
0.033108294010162354
0.03288792446255684
0.0273600947111845
0.0273557361215353
0.027354646474123
0.025984637439250946
0.025571327656507492
0.02556433342397213
0.025496628135442734
0.02531774714589119
0.0252753347158432
0.025252923369407654
0.025028284639120102
0.024646718055009842
0.024637043476104736
0.024635229259729385
0.02460072748363018
0.024594668298959732
0.024585578590631485
0.024464059621095657
0.024434195831418037
0.02440185286104679
0.024382304400205612
0.024373745545744896
0.024361515417695045
0.024359680712223053
0.024022743105888367
0.023874031379818916
0.023334914818406105
0.023285051807761192
0.02328377217054367
0.0229277815669775
0.02292713150382042
0.022926481440663338
0.022761449217796326
0.022622235119342804
0.022621575742959976
0.02262091636657715
0.022484807297587395
0.02248348295688629
### epochs: 103900
