0.11150507628917694
0.010782944969832897
0.010338525287806988
0.010184301994740963
0.010099589824676514
0.010086624883115292
0.009972923435270786
0.00996631383895874
0.009947771206498146
0.00994561705738306
0.009944353252649307
0.009852901101112366
0.00983371865004301
0.009828460402786732
0.00982220470905304
0.009820474311709404
0.009805621579289436
0.009794026613235474
0.009758302941918373
0.009755749255418777
0.009755605831742287
0.009694051928818226
0.009679173119366169
0.009675828740000725
0.009636960923671722
0.009634834714233875
0.009632684290409088
0.00961199589073658
0.009610832668840885
0.009610203094780445
0.00960949994623661
0.00960906408727169
0.009599221870303154
0.009597232565283775
0.00959696527570486
0.00959681998938322
0.0095966262742877
0.00959655363112688
0.009596528485417366
0.009567832574248314
0.00956693198531866
0.009566396474838257
0.009566007182002068
0.009565082378685474
0.0095649603754282
0.00955979898571968
0.009557412005960941
0.00955409836024046
0.009553367272019386
0.009553293697535992
0.00954995397478342
0.009542027488350868
0.009536828845739365
0.009535705670714378
0.009534924291074276
0.009534582495689392
0.009534411132335663
0.009534313343465328
0.00948637817054987
0.009485716000199318
0.00948549434542656
0.009485297836363316
0.009484954178333282
0.00948456209152937
0.009484512731432915
0.009470485150814056
0.009467903524637222
0.009467829950153828
0.009466034360229969
0.00946593564003706
0.009465862065553665
0.009459341876208782
0.00945882499217987
0.009458750486373901
0.009454294107854366
0.009444783441722393
0.009444709867238998
0.009439555928111076
0.009439482353627682
0.009438569657504559
0.009422150440514088
0.009422101080417633
0.009422076866030693
0.009422051720321178
0.009413597173988819
0.009413547813892365
0.00941352266818285
0.00941349845379591
### epochs: 103900
