0.004762190394103527
2.8588343411684036e-05
2.843933179974556e-05
2.7424190193414688e-05
2.5227200239896774e-05
2.283649519085884e-05
2.241227775812149e-05
2.0830892026424408e-05
2.0660459995269775e-05
2.0086299628019333e-05
1.880992203950882e-05
1.6591977328062057e-05
1.6231555491685867e-05
1.539057120680809e-05
1.5337485820055008e-05
1.5262514352798462e-05
1.504039391875267e-05
1.4828983694314957e-05
1.4011282473802567e-05
1.3418029993772507e-05
1.340499147772789e-05
1.3067852705717087e-05
1.2971926480531693e-05
1.2851785868406296e-05
1.2801028788089752e-05
1.2774020433425903e-05
1.2745149433612823e-05
1.2699980288743973e-05
1.269020140171051e-05
### epochs: 103900
