0.008981689810752869
1.9676517695188522e-05
1.940736547112465e-05
1.762108877301216e-05
1.6127247363328934e-05
1.570163294672966e-05
1.527322456240654e-05
1.2641772627830505e-05
1.2013595551252365e-05
1.1943746358156204e-05
1.1428724974393845e-05
1.0660383850336075e-05
1.0405667126178741e-05
1.0357704013586044e-05
9.536277502775192e-06
9.341631084680557e-06
9.107869118452072e-06
8.799601346254349e-06
8.45314934849739e-06
8.278526365756989e-06
8.203089237213135e-06
7.923692464828491e-06
7.91763886809349e-06
7.899478077888489e-06
7.854308933019638e-06
### epochs: 103900
