0.010848509147763252
4.2980071157217026e-05
2.9288697987794876e-05
2.76835635304451e-05
2.4488195776939392e-05
2.350844442844391e-05
2.156384289264679e-05
1.8371734768152237e-05
1.7124228179454803e-05
1.6434118151664734e-05
1.6125384718179703e-05
1.5770085155963898e-05
1.4265533536672592e-05
1.4159828424453735e-05
1.3167038559913635e-05
1.286529004573822e-05
1.2670177966356277e-05
1.2523960322141647e-05
1.2205448001623154e-05
1.1953059583902359e-05
1.1720694601535797e-05
1.166854053735733e-05
1.1496711522340775e-05
1.0381452739238739e-05
1.0372605174779892e-05
1.0331626981496811e-05
1.0308809578418732e-05
1.0296236723661423e-05
1.0194722563028336e-05
1.0192394256591797e-05
1.018540933728218e-05
1.0171905159950256e-05
1.0170508176088333e-05
1.0170042514801025e-05
### epochs: 105200
