0.0477587953209877
0.0001237913966178894
9.689480066299438e-05
8.853524923324585e-05
7.338076829910278e-05
7.273256778717041e-05
7.26059079170227e-05
6.707757711410522e-05
6.62580132484436e-05
6.218254566192627e-05
5.6609511375427246e-05
5.554407835006714e-05
5.158036947250366e-05
5.1215291023254395e-05
4.9248337745666504e-05
4.890561103820801e-05
4.7437846660614014e-05
4.6543776988983154e-05
4.447251558303833e-05
4.4032931327819824e-05
4.2460858821868896e-05
4.173070192337036e-05
4.1678547859191895e-05
3.855675458908081e-05
3.851205110549927e-05
3.8079917430877686e-05
3.730505704879761e-05
### epochs: 103900
