0.12303981930017471
0.008327916264533997
0.007684947922825813
0.00720625277608633
0.007142449729144573
0.006968273315578699
0.006671284791082144
0.006637731101363897
0.006622349843382835
0.006387621629983187
0.0062739793211221695
0.00626183208078146
0.006255917251110077
0.0062556941993534565
0.006231903098523617
0.006227455567568541
0.006224276963621378
0.006148364394903183
0.006092863157391548
0.0060679735615849495
0.00605806615203619
0.006029751617461443
0.006002234295010567
0.005988370161503553
0.005987903568893671
0.0059862700290977955
0.00598584208637476
0.005980549845844507
0.005980472080409527
0.005980394314974546
0.005980355199426413
0.005979693494737148
0.005979615729302168
### epochs: 105200
