0.005073340609669685
5.780905485153198e-05
5.183974280953407e-05
5.170004442334175e-05
4.932517185807228e-05
4.849350079894066e-05
4.7843437641859055e-05
4.732096567749977e-05
4.725577309727669e-05
4.655122756958008e-05
4.6294648200273514e-05
4.624947905540466e-05
4.6160537749528885e-05
4.6082306653261185e-05
4.547834396362305e-05
4.472536966204643e-05
4.4673215597867966e-05
4.447111859917641e-05
4.4289976358413696e-05
4.3991487473249435e-05
4.3783336877822876e-05
4.377216100692749e-05
### epochs: 103900
