0.04757630079984665
0.00026560574769973755
0.00023940950632095337
0.00023441016674041748
0.0002321377396583557
0.0001968294382095337
0.0001763477921485901
0.0001734718680381775
0.0001658126711845398
0.00015430152416229248
0.0001505538821220398
0.00014804303646087646
0.00014641880989074707
0.00014496594667434692
0.0001438930630683899
0.00014378875494003296
0.00014341622591018677
0.00014319270849227905
0.00014308840036392212
0.00014140456914901733
0.00014131516218185425
0.00013837963342666626
0.00013718754053115845
0.00013715773820877075
0.00013708323240280151
0.00013702362775802612
0.0001321658492088318
0.00013180822134017944
0.0001310780644416809
0.0001302659511566162
0.00012924522161483765
0.00012919306755065918
0.00012837350368499756
0.00012803822755813599
0.00012774020433425903
0.00012740492820739746
### epochs: 103900
