0.10849223285913467
0.006332232151180506
0.006312161218374968
0.00595605093985796
0.005452706478536129
0.0052274661138653755
0.005222386214882135
0.005160043481737375
0.005121227819472551
0.005090538877993822
0.00508674094453454
0.005082390736788511
0.005063205491751432
0.005063113756477833
0.005058513022959232
0.005055566318333149
0.005054000299423933
0.005049483384937048
0.005034290719777346
0.004992353264242411
0.004991326946765184
0.0049872202798724174
0.004982923157513142
0.004970103967934847
0.004970010370016098
0.00496996333822608
### epochs: 103900
