0.18590086698532104
0.01308802142739296
0.010473533533513546
0.008937431499361992
0.008878464810550213
0.008777610957622528
0.008770393207669258
0.008719272911548615
0.008669140748679638
0.008584503084421158
0.00854840874671936
0.008537507615983486
0.008534888736903667
0.008484984748065472
0.00848410651087761
0.0084228515625
0.008391390554606915
0.008390946313738823
0.008389614522457123
0.008387838490307331
0.00838739424943924
0.008385617285966873
0.008381618186831474
0.008381173945963383
0.008377617225050926
0.008365157060325146
0.00836293026804924
0.008359811268746853
0.00835089385509491
0.008349109441041946
0.008348663337528706
0.008346431888639927
0.008345985785126686
0.008345539681613445
0.008311096578836441
0.00829359795898199
0.008280561305582523
0.008276961743831635
0.008274259977042675
0.008271558210253716
0.00826975703239441
0.008260742761194706
0.008254426531493664
0.008246298879384995
### epochs: 103900
