0.22699671983718872
0.014964943751692772
0.013149641454219818
0.011441120877861977
0.010490236803889275
0.010002692230045795
0.009959396906197071
0.00903443992137909
0.008897745050489902
0.008652365766465664
0.008645905181765556
0.008408686146140099
0.008153621107339859
0.008078343234956264
0.008055252954363823
0.007789578288793564
0.0077847945503890514
0.00767151452600956
0.007553085219115019
0.007524424232542515
0.007427253760397434
0.007298232521861792
0.007283926475793123
0.0072516342625021935
0.00724546704441309
0.007234661839902401
0.007224871311336756
0.0072031826712191105
0.0071938675828278065
0.007187651004642248
0.007177796680480242
0.007176239509135485
0.00717468187212944
0.007172085344791412
0.007171566132456064
0.007170526776462793
0.007148673292249441
0.007143981754779816
0.007143460214138031
0.007136677857488394
0.00713563384488225
0.007124138996005058
0.00711576733738184
0.007114720065146685
0.0071058133617043495
0.00709584541618824
0.00709164422005415
0.007085863500833511
0.007081656251102686
0.007075340952724218
0.007074288092553616
0.0070737614296376705
0.0070695471949875355
0.007050022948533297
### epochs: 103900
