0.199105367064476
0.011057643219828606
0.008355353958904743
0.007496151141822338
0.006491570267826319
0.006119364406913519
0.006077213678508997
0.005985803436487913
0.005420114379376173
0.005184037610888481
0.005136390216648579
0.005114585626870394
0.0049884808249771595
0.0049344198778271675
0.004930643364787102
0.004924595355987549
0.0049155093729496
0.004910201299935579
0.004841438494622707
0.004837589804083109
0.004781823139637709
0.004777146503329277
0.004762306809425354
0.004746636375784874
0.004745851270854473
0.004738781601190567
0.004726186860352755
0.004718298092484474
0.004698517732322216
0.004684224724769592
0.004680246580392122
0.004679450299590826
0.004673874471336603
0.004671482834964991
0.004651503637433052
0.004645894281566143
### epochs: 103900
