0.12130202353000641
0.005363762844353914
0.0048409574665129185
0.0043477644212543964
0.003977659158408642
0.0038154295179992914
0.0037138776388019323
0.0036460524424910545
0.0035573600325733423
0.00353635405190289
0.0034984247758984566
0.0033463744912296534
0.003346096258610487
0.0033274658489972353
0.0033014744985848665
0.0032947680447250605
0.0032268641516566277
0.0032113860361278057
0.003202964784577489
0.003196925623342395
0.0031829848885536194
0.0031731678172945976
0.0031689826864749193
0.003167586401104927
0.0031653069891035557
0.0031605958938598633
0.003159564221277833
0.0031560990028083324
0.00315550877712667
0.0031495264265686274
0.003145013703033328
0.003143236506730318
0.00314145814627409
0.003139085602015257
0.0031355232931673527
0.003129800548776984
0.0031207860447466373
0.0031167548149824142
0.0031103985384106636
0.0031101738568395376
0.0031081519555300474
### epochs: 103900
