0.11550691723823547
0.007431704085320234
0.0066045355051755905
0.006233322899788618
0.005786844063550234
0.0051987930200994015
0.004936872515827417
0.004881906323134899
0.004538713954389095
0.004500954877585173
0.00441008061170578
0.004301625769585371
0.004047118593007326
0.004024040885269642
0.003950818441808224
0.003950582817196846
0.003898374270647764
0.0038495720364153385
0.0038325388450175524
0.0038222582079470158
0.0038077328354120255
0.0037800550926476717
0.0037720394320786
0.003766665467992425
0.00374503037892282
0.003744035493582487
0.0037386836484074593
0.003715695347636938
0.0036681443452835083
0.0036677634343504906
0.0036667475942522287
0.003666239557787776
0.003660328686237335
0.003659883514046669
0.0036598199512809515
0.003658929141238332
0.0036588653456419706
### epochs: 105400
