0.2888025641441345
0.018195439130067825
0.014300473034381866
0.014119056053459644
0.012700006365776062
0.011483696289360523
0.01111979503184557
0.01069770660251379
0.010122271254658699
0.009715140797197819
0.0089736208319664
0.008697028271853924
0.00864030234515667
0.008306165225803852
0.008089863695204258
0.007894090376794338
0.007672000210732222
0.007603716570883989
0.00758605869486928
0.00757623091340065
0.0075545646250247955
0.007421232294291258
0.007391052320599556
0.007307924795895815
0.007244438398629427
0.007223840337246656
0.0072031826712191105
0.007172085344791412
0.007134589366614819
0.0071136727929115295
0.007101093418896198
0.007075867615640163
0.0070695471949875355
0.0070357415825128555
0.007010280154645443
0.007001772522926331
0.006999643985182047
0.006997514981776476
0.006993254646658897
0.006991123780608177
0.006988991983234882
0.006980458274483681
0.0069697764702141285
0.006967638153582811
0.0069612194783985615
0.006948363967239857
0.006939780432730913
0.006933335680514574
0.006901022512465715
0.0068967025727033615
### epochs: 103900
