0.06366047263145447
0.007258148863911629
0.005759015679359436
0.005589175969362259
0.005523681640625
0.005505949724465609
0.005374907050281763
0.004986333195120096
0.004680644255131483
0.004633398726582527
0.0045523387379944324
0.004528288263827562
0.0043604373931884766
0.00427256990224123
0.004235296510159969
0.004154819995164871
0.004122979938983917
0.004119759891182184
0.0041140480898320675
0.004113085567951202
0.004107137676328421
0.004095443058758974
0.004086678382009268
0.004082973580807447
0.004082118161022663
0.004078466445207596
0.004078409168869257
0.004075382370501757
0.004073725081980228
0.004065142944455147
0.0040637110359966755
0.004062220919877291
0.0040613035671412945
0.004053499549627304
0.004052580334246159
0.004049304407089949
0.004047866445034742
0.004045852925628424
0.004044356290251017
0.004024561494588852
0.004020799417048693
0.004019583109766245
0.004016917664557695
0.00401651207357645
0.004016280174255371
0.004015874583274126
0.004014134872704744
0.004014076665043831
0.004013090394437313
0.0040001897141337395
0.003999665845185518
0.003998385276645422
0.003997511696070433
0.003996929153800011
### epochs: 103900
