0.16829441487789154
0.011933894827961922
0.009243149310350418
0.008530085906386375
0.007902579382061958
0.00786146055907011
0.007784315850585699
0.007710264530032873
0.0072031826712191105
0.007145024836063385
0.006832667160779238
0.006503610406070948
0.00644723093137145
0.006431611254811287
0.006197398062795401
0.006172100082039833
0.006144879385828972
0.005745091009885073
0.005613243672996759
0.005567262880504131
0.005407039541751146
0.005254697985947132
0.005061871837824583
0.004992959089577198
0.004963025450706482
0.004882049281150103
0.004872884135693312
0.0048552691005170345
0.004850663244724274
0.00484220776706934
0.004841438494622707
0.004832967184484005
0.004832196049392223
0.004827568307518959
0.00482679670676589
0.004825252573937178
0.004820618312805891
0.004815979395061731
0.00480823777616024
0.004801259841769934
0.004800484050065279
### epochs: 103900
