0.4524981677532196
0.035375967621803284
0.030512694269418716
0.028684185817837715
0.027269534766674042
0.027265163138508797
0.0263671875
0.026317408308386803
0.026253916323184967
0.025957098230719566
0.025731079280376434
0.025656845420598984
0.02560102939605713
0.025521745905280113
0.025479674339294434
0.02542346902191639
0.025362439453601837
0.02532951720058918
0.025301262736320496
0.02521631121635437
0.025206854566931725
0.025178462266921997
0.025074085220694542
0.025059819221496582
0.025002669543027878
0.024997901171445847
0.024988362565636635
0.02495972253382206
0.024950169026851654
0.024921484291553497
0.02490234375
0.02488318830728531
0.024806417524814606
0.0247294083237648
0.024719765409827232
0.024710118770599365
0.024705294519662857
0.024671494960784912
0.02461344376206398
0.02460859902203083
0.02460375614464283
0.024589216336607933
0.02457466721534729
0.02454068697988987
0.024530969560146332
0.024521248415112495
0.02450666017830372
0.024477457627654076
0.024399409070611
0.024394523352384567
0.024389635771512985
0.02436518482863903
0.024360291659832
0.024350503459572792
0.024340709671378136
0.024326013401150703
0.024321112781763077
0.0242965929210186
0.024286776781082153
0.02428186871111393
### epochs: 103900
