0.4714812636375427
0.04524973779916763
0.04055086895823479
0.03774638473987579
0.03717036172747612
0.03680941089987755
0.03509516268968582
0.03446795418858528
0.03408888727426529
0.03383263945579529
0.03381854295730591
0.03280581533908844
0.03264918923377991
0.03263457864522934
0.032565101981163025
0.03252847492694855
0.032429374754428864
0.03239259496331215
0.03237050771713257
0.03228938579559326
0.032263532280921936
0.03222286328673363
0.03220435976982117
0.03217102959752083
0.03215620294213295
0.032119110226631165
0.032104261219501495
0.032067105174064636
0.5883219838142395
0.049076516181230545
0.04471440613269806
0.04215651750564575
0.04051557555794716
0.03955982252955437
0.03839455917477608
0.03800760582089424
0.03769265487790108
0.03760716691613197
0.03729842230677605
0.03726325184106827
0.03714469447731972
0.03665037825703621
0.03651677817106247
0.036490652710199356
0.03635318577289581
0.036215197294950485
0.036139409989118576
0.03601715713739395
0.03600060194730759
0.035881198942661285
0.03586458042263985
0.03586125746369362
0.03583798184990883
0.03580470383167267
0.035794712603092194
0.03565790504217148
0.03565456345677376
0.035597678273916245
0.03559098020195961
0.035584282130002975
0.03552728518843651
0.03550378978252411
0.03547019511461258
0.03545002639293671
0.035409651696681976
0.03539618104696274
0.03539281338453293
0.035328760743141174
0.035261210054159164
0.03524768352508545
0.035244300961494446
0.03524091839790344
0.035050977021455765
0.03500673547387123
0.03494197502732277
0.034928325563669205
0.03491808474063873
0.03491466864943504
0.03484973683953285
0.034846317023038864
0.034832630306482315
0.03479153662919998
0.03473667427897453
0.03469890356063843
0.03467140719294548
0.03466453030705452
0.03461979329586029
0.03461290895938873
0.0345577597618103
0.0345439575612545
0.034457575529813766
0.03444719687104225
0.03444373607635498
0.034329332411289215
0.03432586044073105
0.03431891277432442
0.03431544080376625
0.03430154174566269
0.034291114658117294
0.03428763523697853
0.03420060873031616
0.03417620062828064
0.03416573256254196
0.034102872014045715
0.03409937396645546
0.03408189117908478
0.03407839313149452
0.0340643972158432
0.034053899347782135
0.03404689580202103
0.03402938321232796
0.03401536867022514
0.03394520655274391
0.03386785835027695
0.03384673222899437
0.03383263945579529
0.03381501883268356
0.0337938591837883
0.03374090418219566
0.03373030573129654
0.03371262922883034
0.0337090939283371
0.03370555490255356
0.03368786722421646
0.03364183381199837
0.03362765535712242
0.03361347317695618
0.03357088938355446
0.033567339181900024
0.03356023505330086
0.03355313092470169
0.03353536128997803
0.0335211381316185
0.03351758420467377
### epochs: 103900
