0.6633540987968445
0.050872720777988434
0.04448721930384636
0.040089644491672516
0.03775901347398758
0.03716394677758217
0.03578472137451172
0.03547019511461258
0.0351494662463665
0.034384846687316895
0.03360283374786377
0.03342854976654053
0.03337501361966133
0.03334285318851471
0.03328917920589447
0.033156417310237885
0.03301951289176941
0.03295084461569786
0.03286753222346306
0.032842133194208145
0.032838501036167145
0.03281671553850174
0.03280217945575714
0.03279491141438484
0.03274398297071457
0.032703910022974014
0.03264918923377991
0.03264188393950462
0.032627273350954056
0.032619964331388474
0.03253946825861931
0.03252480924129486
0.032510146498680115
0.03247345611453056
0.03245142474770546
0.03244774788618088
0.032444074749946594
0.0324220210313797
0.032414667308330536
0.032407309859991074
0.03238523378968239
0.03236313909292221
0.032348401844501495
0.03232259675860405
0.03226722776889801
0.03225983679294586
0.032245051115751266
0.03223765641450882
0.032219164073467255
0.03211168572306633
0.032018743455410004
0.03201501816511154
0.031977761536836624
0.03195538744330406
0.031940460205078125
0.03193299472332001
0.031918060034513474
### epochs: 103900
