0.3204081356525421
0.0312347374856472
0.02649572677910328
0.025157148018479347
0.023945702239871025
0.023863419890403748
0.02352634072303772
0.022967392578721046
0.022714264690876007
0.0225589107722044
0.022529827430844307
0.02239183522760868
0.022202035412192345
0.022180547937750816
0.022134818136692047
0.022091692313551903
0.02204577624797821
0.021999767050147057
0.02197265625
0.021959088742733
0.021934645250439644
0.021882954984903336
0.021858427673578262
0.02178194187581539
0.021768255159258842
0.021762777119874954
0.02172440104186535
0.02172165736556053
0.021716168150305748
0.02170793153345585
0.021705185994505882
0.0216996930539608
0.021696945652365685
0.021683206781744957
0.02164468728005886
0.021639179438352585
0.02163366973400116
0.02158954180777073
0.0215812586247921
0.02157849632203579
0.02157296985387802
0.021564681082963943
0.021561916917562485
0.021559150889515877
0.02152871899306774
0.021512100473046303
0.021509328857064247
0.021473275497555733
0.021464945748448372
0.02145383507013321
0.021448278799653053
0.0214454997330904
0.021434379741549492
0.021423252299427986
0.02140655368566513
0.02140098251402378
0.021381478756666183
0.021375901997089386
0.02137032523751259
0.021364746615290642
0.021359166130423546
0.02135637402534485
### epochs: 103900
