0.4737284481525421
0.04027654603123665
0.032458771020174026
0.029912956058979034
0.028592608869075775
0.027456866577267647
0.026824377477169037
0.02666391246020794
0.026502473279833794
0.02638978324830532
0.02612190693616867
0.025545090436935425
0.02544221840798855
0.025187930092215538
0.025140557438135147
0.025036022067070007
0.02502649836242199
0.02488318830728531
0.024859223514795303
0.02474386617541313
0.024690814316272736
0.024652158841490746
0.024555256590247154
0.024448217824101448
0.02437496930360794
0.02437007799744606
0.02433091402053833
0.024321112781763077
0.0241834819316864
0.02415388636291027
0.024129197001457214
0.02402026206254959
0.02401529811322689
0.02401033416390419
0.02399543486535549
0.023955658078193665
0.023945702239871025
0.02389087900519371
0.02388588897883892
0.023875905200839043
0.023865917697548866
0.02384592778980732
0.023835929110646248
0.023830926045775414
0.02382592298090458
0.02379588410258293
0.02376079186797142
0.023755773901939392
0.023710567504167557
0.02370050922036171
0.02364511787891388
0.02364007569849491
0.02362494170665741
0.023604750633239746
0.023594647645950317
0.023574428632855415
0.023564312607049942
0.023503528907895088
0.023493383079767227
0.02348323166370392
0.02347307652235031
0.023462917655706406
0.0234476700425148
0.02342732436954975
0.02340186946094036
0.023396775126457214
0.02339167892932892
0.023381484672427177
0.023350873962044716
0.02332022227346897
0.023289531469345093
0.023274170234799385
0.023253673687577248
0.023248545825481415
0.023243417963385582
0.023217760026454926
0.02319721318781376
0.023186933249235153
0.02317664958536625
0.023145766928792
0.02312515676021576
0.023120000958442688
0.023109687492251396
0.0230838805437088
0.023063214495778084
0.023052874952554703
0.023042529821395874
0.023032180964946747
0.022959604859352112
0.022944023832678795
0.02293882705271244
0.022933630272746086
### epochs: 104900
