0.3336344063282013
0.02898598089814186
0.024873604997992516
0.02293882705271244
0.02284509316086769
0.02196451649069786
0.021902013570070267
0.021216368302702904
0.021001771092414856
0.020981894806027412
0.020859384909272194
0.02082792855799198
0.02080502174794674
0.020744770765304565
0.020672814920544624
0.020623741671442986
0.020589031279087067
0.020548462867736816
0.020542660728096962
0.020525243133306503
0.020490366965532303
0.02047872729599476
0.020426269620656967
0.020391223952174187
0.020379528403282166
0.02033267915248871
0.02032681554555893
0.020297469571232796
0.02027396485209465
0.020262200385332108
0.020253373309969902
0.020244542509317398
0.020185573026537895
0.02013235166668892
0.020129390060901642
0.020102722570300102
0.02009679190814495
0.020055226981639862
0.02005225419998169
0.020049283280968666
0.020037386566400528
0.02002250775694847
0.02001357637345791
0.02000761777162552
0.019986754283308983
0.019977806136012077
0.01995989680290222
0.019938981160521507
0.01991804502904415
0.01989409141242504
0.019885100424289703
0.019870107993483543
0.01986110582947731
0.019849097356200218
0.01983708329498768
0.01983407884836197
0.01983107253909111
0.019825059920549393
0.019822053611278534
0.01981303095817566
0.019804004579782486
0.019797982648015022
0.01979196071624756
0.019788948819041252
0.01978292502462864
0.019779911264777184
0.019773883745074272
0.019761823117733
0.01972559466958046
0.019719550386071205
0.0197135042399168
0.01970745623111725
0.019701406359672546
0.019695354625582695
0.019689301028847694
0.019686274230480194
0.019680218771100044
0.019671129062771797
0.0196650680154562
0.019659005105495453
0.019652940332889557
### epochs: 103900
