0.14306259155273438
0.007921934127807617
0.007735490798950195
0.007711172103881836
0.007703185081481934
0.0076978206634521484
0.007694602012634277
0.007692813873291016
0.0076923370361328125
0.007691860198974609
0.006386280059814453
0.0058901309967041016
0.005889892578125
0.005889773368835449
0.004190683364868164
0.004156827926635742
0.004156589508056641
0.004156351089477539
0.003930568695068359
0.003930449485778809
0.003930330276489258
0.0038580894470214844
0.0038461685180664062
0.0038460493087768555
0.0038459300994873047
0.0038175582885742188
0.003817439079284668
0.003817319869995117
### epochs: 103900
0.15271234512329102
0.0071849822998046875
0.007050871849060059
0.0070285797119140625
0.0070154666900634766
0.007001042366027832
0.006988525390625
0.006982088088989258
0.006979107856750488
0.006978154182434082
0.006978034973144531
0.0069779157638549805
0.00697779655456543
0.004611372947692871
0.00447845458984375
0.004478335380554199
0.0044782161712646484
0.004477977752685547
0.0042983293533325195
0.004298210144042969
0.004221081733703613
0.0042209625244140625
0.004186391830444336
0.00416111946105957
0.0041610002517700195
0.004160761833190918
### epochs: 103900
0.3289807438850403
0.08427838981151581
0.08425646275281906
0.08425575494766235
0.08043016493320465
0.07001432031393051
0.07001347094774246
0.07001262158155441
0.06813491880893707
0.06813404709100723
0.0681331679224968
0.06605526804924011
0.06605346500873566
0.06605256348848343
### epochs: 103900
