0.33310553431510925
0.053795211017131805
0.05356202647089958
0.053541991859674454
0.05353754013776779
0.05353531241416931
0.05352863296866417
0.05352640524506569
0.05352417752146721
0.05351972207427025
0.053515270352363586
0.053514156490564346
0.053513042628765106
0.053510814905166626
0.053509701043367386
0.053508587181568146
0.05350524187088013
0.05350412800908089
0.05279989168047905
0.052240390330553055
0.0522381067276001
0.05223468318581581
0.05223354324698448
0.05223240330815315
0.052230119705200195
0.05222669616341591
0.05222555622458458
0.05222327262163162
0.052222128957509995
0.052220989018678665
0.052219849079847336
0.05221870541572571
0.05221756547689438
0.05221642181277275
0.051746293902397156
0.05173938348889351
0.051738232374191284
0.05173708125948906
0.051735926419496536
0.05150730907917023
0.05145520716905594
0.05145404860377312
0.051452890038490295
### epochs: 103900
