0.41704708337783813
0.13507398962974548
0.1348770409822464
0.13483372330665588
0.13483107089996338
0.09656494855880737
0.0965624749660492
0.09656000882387161
0.09655754268169403
0.09566948562860489
0.0956084132194519
0.09560716152191162
0.09560591727495193
0.09560467302799225
0.0884382352232933
0.08839643746614456
0.08839508891105652
0.08839374035596848
0.08839239180088043
0.08804375678300858
0.08411344140768051
0.08410919457674026
0.08410777151584625
0.08042868226766586
0.08042719960212708
0.08042571693658829
0.0804242342710495
### epochs: 103900
