0.21632693707942963
0.014086829498410225
0.012395697645843029
0.011221840977668762
0.010918641462922096
0.009942550212144852
0.009673639200627804
0.009328999556601048
0.00896780751645565
0.008819105103611946
0.00879118125885725
0.008333031088113785
0.00827200897037983
0.00796877034008503
0.007872825488448143
0.007716543506830931
0.00749217439442873
0.007173124235123396
0.0070848120376467705
0.0068381167948246
0.006550411693751812
0.006524198688566685
0.006429294124245644
0.006364067550748587
0.006347069516777992
0.0063188336789608
0.006302304565906525
0.006273273844271898
0.0061600166372954845
0.0061509390361607075
0.006137600168585777
0.006128489039838314
0.006125448737293482
### epochs: 103900
