0.27047014236450195
0.018945690244436264
0.01212865486741066
0.010136982426047325
0.009518354199826717
0.009219340048730373
0.00865925196558237
0.00856930110603571
0.008429041132330894
0.0082431361079216
0.007666171062737703
0.007564420811831951
0.007524919230490923
0.007192831952124834
0.0070842863060534
0.006939780432730913
0.006550980266183615
0.006394433788955212
0.0062339575961232185
0.00610839668661356
0.006059410981833935
0.005990158300846815
0.005818542558699846
0.005798018537461758
0.0057567511685192585
0.005652264226227999
0.005641709081828594
0.005599289666861296
### epochs: 103900
0.07268261164426804
0.006270489655435085
0.005549712106585503
0.004850039258599281
0.004506331402808428
0.004398714751005173
0.004297076724469662
0.004239472560584545
0.0041073644533753395
0.004052350763231516
0.004013032652437687
0.003994131926447153
0.003987480886280537
0.003985670395195484
0.003964290954172611
0.003956530708819628
0.0039191036485135555
0.003912325017154217
0.003900822252035141
0.0038968808948993683
0.0038835941813886166
0.003881495213136077
0.0038690585643053055
0.003859538584947586
0.003854709677398205
0.0038520509842783213
0.003832052694633603
0.003803511383011937
0.00380155211314559
0.003782333340495825
0.0037085451185703278
0.003702764632180333
0.0037019469309598207
0.0036996190901845694
0.0036814496852457523
0.0036732186563313007
0.003672331105917692
0.0036588653456419706
0.0036560643929988146
0.0036512850783765316
0.0036509663332253695
0.003641387913376093
0.003640364622697234
0.0036227977834641933
0.0036152061074972153
0.0036035303492099047
### epochs: 103900
