0.11354181170463562
0.006659862585365772
0.0060088252648711205
0.005337349139153957
0.005275570321828127
0.005068123806267977
0.004657406359910965
0.0044209957122802734
0.00435418589040637
0.004020046442747116
0.003939427901059389
0.003881495213136077
0.0037417339626699686
0.003733074525371194
0.0037023243494331837
0.00355788366869092
0.00352329364977777
0.003510052105411887
0.0034959614276885986
0.0034914964344352484
0.0034902291372418404
0.003478870028629899
0.0034755889791995287
0.003444973612204194
0.0034446357749402523
0.0034445005003362894
0.0034357020631432533
0.0034327188041061163
0.0034166742116212845
0.0034109451808035374
0.00340787204913795
0.003404522780328989
0.003388000885024667
0.0033855948131531477
0.0033820169046521187
0.0033809151500463486
0.0033315217588096857
0.0033270458225160837
0.0033228443935513496
0.0033206716179847717
0.003320110496133566
0.003320040414109826
0.003319268813356757
0.0033122468739748
0.003311684587970376
0.003311543958261609
0.003310911124572158
0.0033108408097177744
0.003310770494863391
### epochs: 105200
