0.1686069816350937
0.013233514502644539
0.01160278171300888
0.009774013422429562
0.007557029835879803
0.007038917392492294
0.006770226638764143
0.006681050173938274
0.006617742124944925
0.006497879512608051
0.006371672730892897
0.006270304322242737
0.005726906470954418
0.005422862712293863
0.005359289702028036
0.005201255436986685
0.005014549940824509
0.00494799017906189
0.0049344198778271675
0.004919297061860561
0.004882049281150103
0.0047175083309412
0.004663501400500536
0.0045731584541499615
0.00452237157151103
0.004494276829063892
0.00441651651635766
0.0044097634963691235
0.0043953787535429
0.0043817972764372826
0.004348514135926962
0.004341654945164919
0.0043253218755126
0.004324460402131081
0.004312383010983467
0.004300272092223167
0.004295938648283482
0.004290732555091381
0.004285519942641258
0.004276818595826626
0.00427420437335968
0.00427333265542984
0.004271588753908873
0.004269844386726618
### epochs: 105200
