0.28574007749557495
0.01854504831135273
0.016820916905999184
0.012288546189665794
0.012287333607673645
0.011383342556655407
0.011113092303276062
0.011047194711863995
0.009858264587819576
0.009806737303733826
0.00956052914261818
0.008853253908455372
0.008780580945312977
0.008724398910999298
0.008340180851519108
0.008302575908601284
0.008205086924135685
0.007888425141572952
0.007823935709893703
0.007699144072830677
0.007566390093415976
0.007495156954973936
0.0074532898142933846
0.007385001517832279
0.007305885199457407
0.007254716008901596
0.007018777541816235
0.006956936791539192
0.006952651776373386
0.006939780432730913
0.006757007911801338
0.006603090092539787
0.006514484528452158
0.006477782968431711
0.0064731803722679615
0.006385105662047863
0.006352349650114775
0.0062649548053741455
0.006238736677914858
0.006212407723069191
0.0062100086361169815
0.0061883749440312386
0.006181146949529648
0.006178735755383968
0.006171496585011482
0.006164248567074537
0.006154571659862995
### epochs: 103900
