0.18118786811828613
0.008702166378498077
0.007602736819535494
0.00696496432647109
0.00675921281799674
0.005986425559967756
0.005819182842969894
0.005585967563092709
0.005574618466198444
0.005482302512973547
0.005444801412522793
0.005279453005641699
0.004911718424409628
0.004909442737698555
0.004880523309111595
0.004848358687013388
0.004727762658149004
0.00471434835344553
0.004704064689576626
0.004684224724769592
0.004644290078431368
0.004638671875
0.004599152132868767
0.004586173687130213
0.004560923203825951
0.004548654891550541
0.004527311306446791
0.004510824102908373
0.004499247297644615
0.0044884709641337395
0.004485149867832661
0.004476003814488649
0.004472673404961824
0.004471840802580118
0.004466005600988865
0.004457656294107437
### epochs: 103900
