0.10646436363458633
0.005145086441189051
0.004727319814264774
0.004513094667345285
0.0038302296306937933
0.003684357739984989
0.0036444556899368763
0.0035036783665418625
0.003372088773176074
0.0032806750386953354
0.0032702258322387934
0.003255383111536503
0.003113615559414029
0.0031024536583572626
0.0031019283924251795
0.0030809154268354177
0.002963270992040634
0.00293572130613029
0.002928415546193719
0.00292555196210742
0.002906068228185177
0.002876757178455591
0.0028521285858005285
0.002839938970282674
0.002826049691066146
0.0028207718860358
### epochs: 103900
