0.07085083425045013
0.03140472248196602
0.03136482462286949
0.031302325427532196
0.03129906207323074
0.031299032270908356
0.03129877895116806
0.03129802644252777
0.0312979593873024
0.03129752725362778
0.0312974750995636
0.031297467648983
0.03129743039608002
0.030761901289224625
0.0307285338640213
0.030718417838215828
0.030707387253642082
0.030683167278766632
0.030679311603307724
0.030676497146487236
0.030672360211610794
0.030670667067170143
0.03067026473581791
0.030669817700982094
0.030668769031763077
0.03066830523312092
0.03066829778254032
0.030668290331959724
0.030668282881379128
### epochs: 104000
