<<<<<<< HEAD
0.26185137033462524
0.07285112887620926
0.07262352854013443
0.07261388003826141
0.07261326909065247
0.07261306047439575
0.07261285930871964
0.06886258721351624
0.06885890662670135
0.06885847449302673
0.06885825842618942
=======
0.30629345774650574
0.28504398465156555
0.0646117627620697
0.06446676701307297
0.06444434076547623
0.064438097178936
0.06443717330694199
0.05934726819396019
0.05932491645216942
0.05932466313242912
0.05891837179660797
0.058873843401670456
0.058873336762189865
0.058872830122709274
0.058872323483228683
>>>>>>> f60ed52ccb8acd11050102a0baf891a317615333
### epochs: 103900
