0.17823411524295807
0.046002939343452454
0.04583410918712616
0.04574347659945488
0.04570624604821205
0.045694589614868164
0.04569026827812195
0.04568871855735779
0.045687656849622726
0.0456862710416317
0.04568406939506531
0.04568048194050789
0.04567289724946022
0.045658621937036514
0.04496224224567413
0.044936466962099075
0.04492154344916344
0.04489964619278908
0.044869933277368546
0.04483097791671753
0.044784169644117355
0.0447322316467762
0.044680070132017136
0.044630348682403564
0.044492240995168686
0.044474825263023376
0.04446108639240265
0.04444926977157593
0.04443904384970665
0.044430576264858246
0.04442663490772247
0.044416990131139755
0.04441111907362938
0.04137076064944267
0.041204292327165604
0.041204020380973816
0.04120393097400665
0.041203659027814865
0.04120347648859024
0.04120338708162308
0.0412028431892395
0.04120275378227234
0.04120239242911339
0.041201941668987274
0.041201669722795486
0.041200947016477585
0.04120040312409401
0.041199859231710434
0.041199225932359695
0.04119814187288284
0.04119705781340599
0.04119570180773735
0.04119425266981125
0.041191812604665756
0.0411885567009449
0.04118448495864868
0.04117932915687561
0.04117172956466675
0.041150279343128204
0.04113072156906128
0.04112311452627182
0.04111821949481964
0.041115231812000275
0.04111378267407417
0.04111260175704956
0.0411125123500824
0.04111232981085777
0.041112061589956284
0.03993537276983261
0.03984244912862778
0.039842262864112854
0.03984216973185539
0.03984197974205017
0.03984188660979271
### epochs: 103900
