0.115057572722435
0.02467011660337448
0.024571247398853302
0.02421371266245842
0.024169083684682846
0.024160180240869522
0.024137282744050026
0.024130037054419518
0.024094395339488983
0.024059515446424484
0.024028858169913292
0.02399745211005211
0.023929517716169357
0.02389596588909626
0.023868678137660027
0.023830877617001534
0.023705460131168365
0.023653337731957436
0.023620063439011574
0.02360004372894764
0.023581113666296005
0.023568809032440186
0.023559194058179855
0.023552177473902702
0.0235468577593565
0.02354326844215393
0.02353985607624054
0.023537343367934227
0.023536117747426033
0.023534020408988
0.023532338440418243
0.02353099174797535
0.02352987416088581
0.023528894409537315
0.023528043180704117
0.02352726086974144
0.023526588454842567
0.023526035249233246
0.02352508343756199
0.023524757474660873
0.023524321615695953
0.02352369949221611
0.023523224517703056
0.023522986099123955
0.02352292649447918
### epochs: 103900
