0.24206002056598663
0.01398091483861208
0.010417898185551167
0.009953410364687443
0.009751500561833382
0.008492005988955498
0.007737274281680584
0.007644272409379482
0.007424745708703995
0.00730333523824811
0.00721558416262269
0.007107385899871588
0.006903721019625664
0.00683866161853075
0.00655211741104722
0.006440871860831976
0.006259005516767502
0.006036620587110519
0.0058834850788116455
0.005664772819727659
0.005613243672996759
0.005511444061994553
0.005421488545835018
0.005336301866918802
0.005113129038363695
0.004877469036728144
0.0048051378689706326
0.0046482989564538
0.004608053248375654
0.004552748054265976
0.00430373614653945
0.004282041452825069
0.004241833463311195
0.0041763391345739365
0.004093452822417021
0.004066059365868568
0.004006064031273127
0.003912920132279396
0.003853440983220935
0.0038282230962067842
0.00380283803679049
0.0037890987005084753
0.0037634496111422777
0.0036925007589161396
0.0036753099411726
0.0036529425997287035
0.003636589040979743
0.003610888496041298
0.003596415976062417
0.0035891577135771513
0.003587081329897046
0.0035547411534935236
0.0035515958443284035
0.003544245846569538
0.0035221041180193424
0.003518929472193122
0.0035093887709081173
0.0034923632629215717
0.0034902291372418404
0.0034848882351070642
0.0034795391838997602
0.0034752541687339544
0.0034245019778609276
0.003423413960263133
0.003422325709834695
0.0034212369937449694
### epochs: 105300
