0.1536581665277481
0.008564517833292484
0.00696870731189847
0.006451852153986692
0.005478904116898775
0.00535233411937952
0.005130584817379713
0.004868295043706894
0.004674671217799187
0.004569899290800095
0.004302870482206345
0.0042803012765944
0.004154875874519348
0.003978068940341473
0.003977132495492697
0.0037634496111422777
0.0036345396656543016
0.0034966273233294487
0.0033950034994632006
0.003340803785249591
0.003196051577106118
0.0030675858724862337
0.002923322841525078
0.002919497201219201
0.0028615009505301714
0.002760786795988679
0.0027580868918448687
0.0026910898741334677
0.0026786020025610924
0.0026702445466071367
0.0026323068886995316
0.002628057962283492
0.002625221386551857
0.00260956515558064
0.00259955320507288
0.0025678325910121202
0.0025649294257164
0.0025415848940610886
0.002535715000703931
0.002529831836000085
0.0025031855329871178
0.0024641880299896
0.0024398798123002052
0.0024260994978249073
0.002421488519757986
0.0023827173281461
0.0023686045315116644
0.0023559886030852795
0.0023528242018073797
0.002320941537618637
0.0023145123850554228
0.0023048350121825933
0.0022853570990264416
0.0022820946760475636
### epochs: 104600
0.18136009573936462
0.008504718542098999
0.0076899453997612
0.006019316613674164
0.005206982139497995
0.004439232405275106
0.004093452822417021
0.003969632089138031
0.0037376247346401215
0.003699556225910783
0.0036201616749167442
0.0036098568234592676
0.003595380112528801
0.0035093887709081173
0.003404864575713873
0.003355268621817231
0.0033015450462698936
0.0032423401717096567
0.003171479795128107
0.003165601287037134
0.003108601551502943
0.0030260144267231226
0.0029182210564613342
0.0028536792378872633
0.0027863066643476486
0.0026952396146953106
0.0026813822332769632
0.0026632598601281643
0.0026478285435587168
0.002585182897746563
0.0025822992902249098
0.0025663813576102257
0.002559113083407283
0.002544514602050185
0.002461162628605962
0.0024368243757635355
0.0024337649811059237
0.0024307016283273697
0.0024245635140687227
0.002398301148787141
0.0023936366196721792
0.002381153404712677
0.002373318187892437
0.0023654568940401077
0.0023575692903250456
0.0023528242018073797
0.0023433049209415913
0.002325751818716526
0.0023241494782269
0.00229836069047451
0.002295116661116481
### epochs: 104400
