0.282646119594574
0.012851633131504059
0.00997994840145111
0.0091169448569417
0.008411344140768051
0.007820125669240952
0.007429259829223156
0.007134589366614819
0.006752596236765385
0.006514484528452158
0.006245898082852364
0.005889813415706158
0.005689052864909172
0.005612580105662346
0.005486377980560064
0.0052815694361925125
0.00497352285310626
0.004931398667395115
0.004904128145426512
0.004888912197202444
0.004805913195014
0.0045281341299414635
0.0044751716777682304
0.004360490944236517
0.004284650553017855
0.004253235179930925
0.004168303683400154
0.004146798979490995
0.0041215680539608
0.004066975321620703
0.003966815769672394
0.003929071594029665
0.0038486041594296694
0.0038291960954666138
0.0038175038062036037
0.003790081711485982
0.0037346333265304565
0.003690482582896948
0.003674296196550131
0.0036539623979479074
0.0036498820409178734
0.00363761349581182
0.0036335147451609373
0.0036294113378971815
0.0036253032740205526
0.0036211905535310507
0.003596415976062417
0.0035839644260704517
0.0035294999834150076
0.0035210461355745792
0.003512572031468153
### epochs: 104400
