0.13225290179252625
0.004360651131719351
0.0031828386709094048
0.002990489127114415
0.0028123401571065187
0.00267050601541996
0.0025090386625379324
0.0023503489792346954
0.0022165721748024225
0.0022119455970823765
0.002207731129601598
0.0021673927549272776
0.002078222343698144
0.0020163552835583687
0.0020114996004849672
0.0019827033393085003
0.0019446427468210459
0.0019100932404398918
0.0018988457741215825
0.0018904894823208451
0.0018408197211101651
0.0018090516095981002
0.0017950978362932801
0.0017742238705977798
0.001769361668266356
0.0017247156938537955
0.0017066667787730694
0.0016864931676536798
0.0016756901750341058
0.001667192904278636
0.001650349353440106
0.0016353265382349491
0.0016182950930669904
0.0016086266841739416
0.0016018095193430781
0.0015961305471137166
0.0015917484415695071
0.0015858866972848773
0.0015829476760700345
0.0015820648986846209
0.0015805925941094756
0.0015800031833350658
0.0015786763979122043
0.0015757239889353514
0.0015748371370136738
0.0015654952730983496
0.0015640072524547577
0.0015637094620615244
0.0015623688232153654
0.001541968435049057
0.0015418174443766475
0.0015415153466165066
0.0015412132488563657
0.001540911034680903
0.0015407599275931716
0.0015406088205054402
### epochs: 105200
