0.11090666800737381
0.006093933247029781
0.004430990666151047
0.004345353692770004
0.0039288937114179134
0.003265309613198042
0.003238388104364276
0.003174048149958253
0.0030461831483989954
0.002843462163582444
0.0026928195729851723
0.002641577972099185
0.0026137554086744785
0.002607690868899226
0.0025530101265758276
0.0024935868568718433
0.002447216771543026
0.0024440751876682043
0.002420238219201565
0.002363191917538643
0.002356482669711113
0.002327853115275502
0.002327052876353264
0.0022606707643717527
0.0022584039252251387
0.00218461942858994
0.0021752205211669207
0.002174792345613241
0.0021378647070378065
0.0021357943769544363
0.00208961870521307
0.0020703652407974005
0.0020216600969433784
0.0019882149063050747
0.0019811762031167746
0.0019608582369983196
0.0019540784414857626
0.001940567628480494
0.0019170286832377315
0.0019010516116395593
0.001893197069875896
0.0018853096989914775
0.0018834563670679927
0.0018801155965775251
0.0018756521167233586
0.001808407949283719
0.0018078928114846349
0.0018063468160107732
0.001799631747417152
0.0017995022935792804
0.0017993729561567307
0.0017988552572205663
0.0017987258033826947
0.001798078534193337
0.0017979489639401436
0.001797819510102272
### epochs: 105600
