0.2668357491493225
0.012333330698311329
0.01173399854451418
0.009959022514522076
0.009430277161300182
0.00825758557766676
0.007429259829223156
0.006800970993936062
0.006550980266183615
0.006514484528452158
0.006281582172960043
0.006137600168585777
0.006039705593138933
0.005940197966992855
0.00558863440528512
0.0054372698068618774
0.005074367392808199
0.005062607582658529
0.00490716565400362
0.0046064360067248344
0.004501730669289827
0.004367320332676172
0.004200354218482971
0.004171876702457666
0.004085253924131393
0.003936649300158024
0.00390625
0.0038756122812628746
0.0038447303231805563
0.0038291960954666138
0.0038135985378175974
0.0037822104059159756
0.0037186392582952976
0.00363761349581182
0.0036211905535310507
0.003571469336748123
0.0035547411534935236
0.00341796875
0.0033474876545369625
0.0032936371862888336
0.0032754901330918074
0.0032388914842158556
0.003201874205842614
0.0031832042150199413
0.00316442409530282
0.0031455319840461016
0.003126525552943349
0.003088161814957857
0.003049315419048071
0.0030297054909169674
0.003009967738762498
0.002990099834278226
### epochs: 104200
0.25834739208221436
0.013745789416134357
0.010148734785616398
