0.18043190240859985
0.006717750336974859
0.005800588056445122
0.005611916072666645
0.005531011149287224
0.0054734619334340096
0.004944224376231432
0.004545378033071756
0.004299405962228775
0.0038301688618957996
0.0037822104059159756
0.0036036595702171326
0.003442945424467325
0.003411422949284315
0.0033862136770039797
0.00315262982621789
0.003118173684924841
0.0030989996157586575
0.0030869552865624428
0.002961306134238839
0.002879669424146414
0.0028115948662161827
0.0026138443499803543
0.0025909405667334795
0.0025721811689436436
0.002485262928530574
0.0024337649811059237
0.0024106954224407673
0.0023780225310474634
0.0023748872336000204
0.0023512402549386024
0.002340123290196061
0.0023289532400667667
0.002316121244803071
0.0023064506240189075
0.0023016000632196665
0.0022820946760475636
0.0022657117806375027
0.002262420952320099
0.002235920401290059
0.0022325855679810047
### epochs: 104100
