0.36782845854759216
0.12758350372314453
0.12727995216846466
0.1271675080060959
0.1271464079618454
0.12714406847953796
0.12714360654354095
0.1229921281337738
0.12298097461462021
0.12298000603914261
0.12297952175140381
0.12297903746366501
0.11580503731966019
0.11554843187332153
0.11554740369319916
0.11554688215255737
0.11512673646211624
0.11340851336717606
0.11340746283531189
0.11340693384408951
0.11340640485286713
0.10736581683158875
0.10736304521560669
0.10736248642206192
0.10736193507909775
0.10736137628555298
### epochs: 103900
