0.013356596231460571
9.528268128633499e-05
8.870568126440048e-05
8.835596963763237e-05
8.795084431767464e-05
8.480856195092201e-05
8.43629240989685e-05
8.195219561457634e-05
8.17393884062767e-05
8.1673264503479e-05
8.162064477801323e-05
8.158152922987938e-05
8.155358955264091e-05
8.153216913342476e-05
8.151261135935783e-05
8.150096982717514e-05
8.149584755301476e-05
8.14623199403286e-05
8.138129487633705e-05
8.104974403977394e-05
7.970863953232765e-05
7.96574167907238e-05
7.952796295285225e-05
7.942132651805878e-05
7.931375876069069e-05
7.925322279334068e-05
7.881782948970795e-05
7.873727008700371e-05
7.873121649026871e-05
7.87065364420414e-05
### epochs: 103900
