0.0115157850086689
0.00016666855663061142
0.00014046905562281609
0.00013260124251246452
0.00012651272118091583
0.00012542447075247765
0.00012456020340323448
0.00011928658932447433
0.00011837435886263847
0.00011774245649576187
0.00011663418263196945
0.00011652661487460136
0.00011529726907610893
0.00011507747694849968
0.00011078082025051117
0.00010940199717879295
0.00010831234976649284
0.0001080571673810482
0.00010685436427593231
0.00010398542508482933
0.00010370137169957161
0.00010363524779677391
0.00010230531916022301
0.00010226806625723839
9.831367060542107e-05
9.809620678424835e-05
9.795790538191795e-05
9.763333946466446e-05
9.763287380337715e-05
9.763194248080254e-05
9.759189561009407e-05
9.759096428751945e-05
9.759003296494484e-05
### epochs: 105100
