
0.2673245072364807
0.028058120980858803
0.0260442104190588
0.024492062628269196
0.02445065602660179
0.023728158324956894
0.023589594289660454
0.023574428632855415
0.022748352959752083
0.022682752460241318
0.022674867883324623
0.022672239691019058
0.0211910679936409
0.021171370521187782
0.021168554201722145
0.02116292342543602
0.021160105243325233
0.020885085687041283
0.02087652124464512
0.020867954939603806
0.020845092833042145
0.020842231810092926
0.020839372649788857
0.020836511626839638
0.02076774463057518
0.02075626142323017
0.020750517025589943
0.020658394321799278
0.02065262384712696
0.020583240315318108
0.020580345764756203
0.02057744935154915
0.020525243133306503
0.020426269620656967
0.020420433953404427
### epochs: 103900
