0.18640832602977753
0.017661426216363907
0.016764791682362556
0.015483453869819641
0.01546949241310358
0.0153811015188694
0.015369471162557602
0.015257568098604679
0.015244866721332073
0.015243888832628727
0.015242911875247955
0.015188068151473999
0.015187087468802929
0.015186842530965805
0.01518586091697216
0.015185125172138214
0.015184634365141392
0.014747033827006817
0.014711878262460232
0.014691860415041447
0.014645639806985855
0.014619162306189537
0.014604374766349792
0.014597997069358826
0.014594168402254581
0.014584464952349663
0.014582166448235512
0.014556853100657463
0.014539440162479877
0.014533801935613155
0.014532520435750484
0.014532264322042465
0.014531752094626427
0.01452944427728653
0.014308546669781208
0.014304901473224163
0.01430464070290327
0.014275182038545609
0.01424801629036665
0.01424618624150753
0.014196939766407013
0.014181450009346008
0.014180662110447884
0.014180399477481842
0.014179873280227184
0.01412406750023365
0.014123276807367802
0.014123013243079185
### epochs: 103900
