0.5920834541320801
0.11044982075691223
0.10678745806217194
0.10624241828918457
0.10613015294075012
0.10604474693536758
0.10599640011787415
0.10594578087329865
0.10593565553426743
0.10593453049659729
0.09980664402246475
0.09968354552984238
0.0996309146285057
0.09958543628454208
0.09956508129835129
0.09956149011850357
0.09956029802560806
0.09943089634180069
0.09939132630825043
0.09938892722129822
0.09938772767782211
0.09938652813434601
0.09843561053276062
0.09843197464942932
0.09842955321073532
0.09582014381885529
0.09460315108299255
0.09416235238313675
0.0941040962934494
0.09407622367143631
0.09405848383903503
0.09405087679624557
0.09363803267478943
0.0936342179775238
0.09363294392824173
### epochs: 104000
