0.5024914741516113
0.11711525171995163
0.11498997360467911
0.11447670310735703
0.11442358046770096
0.11435792595148087
0.11385855823755264
0.11384914070367813
0.11383029073476791
0.11189527064561844
0.11140412837266922
0.11139556765556335
0.10955359786748886
0.10948502272367477
0.10948393493890762
0.10044717788696289
0.10004047304391861
0.10002736747264862
0.1000237911939621
0.0994584709405899
0.09934933483600616
0.09934693574905396
0.09903927892446518
0.09892606735229492
0.0988609790802002
0.09882720559835434
0.09881272912025452
0.0988079085946083
0.0988054946064949
0.0988018736243248
0.0988006666302681
0.09834110736846924
0.09833989292383194
0.09829260408878326
0.09822830557823181
0.09822466224431992
0.09822223335504532
0.09762084484100342
0.09719618409872055
0.0971875935792923
0.09718514233827591
0.09718269109725952
0.09689276665449142
0.09689153730869293
0.09689030796289444
0.09635485708713531
0.09629049897193909
0.09613189846277237
0.09613066166639328
0.09612942487001419
0.09612694382667542
0.0960673987865448
0.09606491774320602
0.09606367349624634
0.09606243669986725
### epochs: 103900
