0.3190646171569824
0.07076204568147659
0.07046745717525482
0.06903785467147827
0.06901194900274277
0.06901022791862488
0.06897047907114029
0.0689246654510498
0.06892380118370056
0.0683375746011734
0.06677324324846268
0.06677145510911942
0.06676967442035675
0.0647805854678154
0.0647759884595871
0.06477414816617966
0.06303084641695023
0.06302990019321442
0.06183075159788132
0.061804719269275665
0.061798933893442154
0.06179796904325485
0.06130604073405266
0.06088653951883316
0.06088458001613617
### epochs: 103900
