0.40450146794319153
0.08601930737495422
0.08520472794771194
0.08516134321689606
0.08465591818094254
0.08465028554201126
0.07200285792350769
0.07188687473535538
0.07188355922698975
0.07188024371862411
0.07158609479665756
0.07151111960411072
0.0715077817440033
0.07150445133447647
0.07139099389314651
0.0713893249630928
0.07124891877174377
0.07114008069038391
0.0711367279291153
0.07113505154848099
0.07015124708414078
0.07014784961938858
0.07014615088701248
0.07010705024003983
0.07010535150766373
0.06985665112733841
0.06985494494438171
0.06985153257846832
0.06984812021255493
### epochs: 104300
