0.3278893232345581
0.08341895788908005
0.08299776166677475
0.08177654445171356
0.08155758678913116
0.0815056785941124
0.07775409519672394
0.07773645967245102
0.07773186266422272
0.06292769312858582
0.06136045977473259
0.06134102866053581
0.06134006008505821
0.061339087784290314
0.06133714318275452
0.06133617088198662
0.061323538422584534
0.06131381541490555
0.06131284311413765
0.06131187453866005
0.06108103692531586
0.06107908487319946
0.061078108847141266
0.06107713282108307
### epochs: 103900
