0.43677160143852234
0.0830666720867157
0.08219094574451447
0.08033821731805801
0.07911663502454758
0.07823935896158218
0.07823631167411804
0.07823478430509567
0.0757024958729744
0.0756961926817894
0.0756930410861969
0.07567571848630905
0.0756741389632225
0.07516201585531235
0.07039213925600052
0.07036334276199341
0.07035995274782181
0.07009854912757874
0.06992487609386444
0.06991635262966156
0.06987883150577545
0.06987712532281876
0.06987541913986206
0.06987200677394867
0.06987030059099197
0.06986518204212189
0.06976272910833359
0.06976102292537689
0.0697593092918396
0.0697576031088829
0.06969434767961502
0.06966354697942734
0.06966184079647064
0.06965670734643936
0.06946476548910141
0.06946305185556412
0.06937547028064728
0.06936859339475632
0.06936687976121902
0.06936515867710114
### epochs: 104300
