0.21885749697685242
0.011041123420000076
0.00857668835669756
0.008064959198236465
0.007518480997532606
0.007040505297482014
0.006910732481628656
0.006877771113067865
0.006382187828421593
0.0062309689819812775
0.0061829546466469765
0.006116928532719612
0.006113882642239332
0.006016840692609549
0.005960232112556696
0.00584473367780447
0.0058082896284759045
0.005794805008918047
0.005749628413468599
0.0057476842775940895
0.005742496810853481
0.005739252083003521
0.005724954418838024
0.005722350906580687
0.005687088239938021
0.005680534057319164
0.0056700315326452255
0.0056680599227547646
0.005605938844382763
0.005560567602515221
0.005557216703891754
0.005553863942623138
0.005533704534173012
0.005525620188564062
0.00551752420142293
0.005499264225363731
0.0054918075911700726
0.005490450654178858
0.00548569904640317
0.005484340712428093
0.005479583982378244
0.005462561268359423
0.005453688558191061
0.0054523223079741
0.005444801412522793
0.005442748311907053
0.0054393247701227665
0.005436584819108248
0.005427669268101454
0.005423549562692642
0.005404972471296787
0.005382871720939875
0.005368318874388933
0.005359984934329987
0.005359289702028036
0.00534954946488142
0.00534746004268527
0.005346763413399458
0.005345369689166546
0.0053404890932142735
0.0053397915326058865
0.005336301866918802
0.005330714397132397
0.00532861752435565
0.005323021672666073
0.005320221185684204
0.005312513560056686
0.005310409236699343
0.005307602696120739
0.005306900478899479
### epochs: 104800
0.1476646214723587
0.009207209572196007
0.008161383680999279
0.00815407745540142
0.007851502858102322
0.00766908610239625
0.007500622421503067
0.006925271824002266
0.0068277581594884396
0.006523056421428919
0.006471453700214624
0.006353522185236216
0.0061151012778282166
0.006050182040780783
0.00596460560336709
0.005918836686760187
0.005875247996300459
0.005823662504553795
0.005818542558699846
0.005797375924885273
0.005779355764389038
0.005691017024219036
0.0056680599227547646
0.005624514538794756
0.0056145708076655865
0.005613243672996759
0.00560793187469244
0.005478224251419306
0.005476183723658323
0.005474142264574766
0.005472100339829922
0.005468014162033796
0.005465288646519184
0.005391860846430063
0.005383563693612814
0.00537248095497489
0.0053703999146819115
0.005359984934329987
0.005355117842555046
0.005351638421416283
0.005348156671971083
0.005334905814379454
0.005334207322448492
0.005301984492689371
0.005300579126924276
0.005297766998410225
0.0052956570871174335
0.005292138550430536
0.005276629701256752
0.005272391717880964
0.005265321582555771
0.005263198632746935
0.005261074751615524
0.005260366480797529
0.005258949939161539
0.0052568246610462666
0.00525398924946785
0.005240499973297119
0.0052376557141542435
### epochs: 103900
