0.11903363466262817
0.006191985681653023
0.005401223432272673
0.005115951411426067
0.004444631282240152
0.0044368719682097435
0.004375469405204058
0.004162993747740984
0.004104642663151026
0.004027800168842077
0.004007052164524794
0.0039535872638225555
0.003921063616871834
0.0039048788603395224
0.0038802954368293285
0.0037933362182229757
0.003768457565456629
0.0037225817795842886
0.003707289230078459
0.0036849896423518658
0.003671633778139949
0.0036556823179125786
0.0036530063953250647
0.003626780118793249
0.0036238902248442173
0.003579349024221301
0.00353635405190289
0.0035125056747347116
0.0034742490388453007
0.0034690177999436855
0.0034655260387808084
0.0034641819074749947
0.003463845932856202
0.003461357904598117
0.0034569157287478447
0.0034470681566745043
0.00344260735437274
0.003442336805164814
0.0034354985691607
0.0034351598005741835
0.003429868957027793
0.0033946605399250984
0.003389650024473667
0.003389306366443634
0.003380295354872942
0.0033778147771954536
0.003376780776306987
0.003362546907737851
### epochs: 103900
