0.213938370347023
0.01589212939143181
0.0120305847376585
0.011366312392055988
0.01101849414408207
0.010443256236612797
0.009999711997807026
0.009660150855779648
0.008959910832345486
0.008700026199221611
0.008625198155641556
0.008488934487104416
0.008454635739326477
0.008395829237997532
0.008377617225050926
0.008341073989868164
0.008279211819171906
0.008182354271411896
0.008144020102918148
0.00811239704489708
0.008063573390245438
0.00806218758225441
0.008059876970946789
0.008039050735533237
0.008034879341721535
0.008016311563551426
0.00801398791372776
0.007991177961230278
0.0079439552500844
0.007937856018543243
0.007930813357234001
0.007927524857223034
0.007925175130367279
0.007884645834565163
0.007882756181061268
0.00787802878767252
0.00787661038339138
0.007875191047787666
0.007865251041948795
0.007863355800509453
0.007847231812775135
0.007846282795071602
0.0077776131220161915
0.007774738594889641
0.007761790882796049
0.0077444929629564285
0.007740643806755543
0.007738237269222736
0.0077179912477731705
0.0077170259319245815
0.007716060616075993
0.0077155777253210545
0.007709781639277935
0.007704464718699455
0.0077001117169857025
0.007698660250753164
### epochs: 103900
0.23180672526359558
0.016049113124608994
0.014425747096538544
0.012655636295676231
0.012315195053815842
0.011894184164702892
0.01092989556491375
0.01052321121096611
0.010017205961048603
0.009974720887839794
0.009146724827587605
0.00880938395857811
0.008749129250645638
0.008467404171824455
0.008394941687583923
0.008087561465799809
0.00806218758225441
0.007986048236489296
0.007929873652756214
0.007909176871180534
0.007841533049941063
0.007786229718476534
0.007739681284874678
0.007668600417673588
0.007630127016454935
0.007628662046045065
0.007627685554325581
0.007607145234942436
0.007606165949255228
0.007603226695209742
0.007588513661175966
0.007587531581521034
0.007575739175081253
0.007569835986942053
0.0075693437829613686
0.007562942802906036
0.0075619579292833805
0.007548151537775993
0.007547657936811447
0.007546670734882355
0.007545189466327429
### epochs: 103900
0.23006755113601685
0.015828946605324745
0.014942772686481476
0.013128944672644138
0.012006097473204136
0.011429067701101303
0.01099243015050888
0.010625728406012058
0.010562432929873466
0.010408954694867134
0.010302836075425148
0.010035783052444458
0.00978506077080965
0.0097618093714118
0.009357706643640995
0.009205185808241367
0.00890318676829338
0.00884188525378704
0.008787366561591625
0.008729521185159683
0.008680306375026703
0.008601843379437923
0.00831333827227354
0.008035342209041119
0.007946767844259739
0.007903051562607288
0.007800569757819176
0.007772821933031082
0.0077478596940636635
0.00770688196644187
0.007687522564083338
0.0076749129220843315
0.007668600417673588
0.0076525527983903885
0.007652065716683865
0.007639885414391756
0.007637446746230125
0.007628662046045065
0.00762084499001503
### epochs: 103900
0.21878723800182343
0.01639813743531704
0.01420271210372448
0.012477174401283264
0.011713662184774876
0.011181267909705639
0.010803739540278912
0.010740799829363823
0.010614503175020218
0.010447535663843155
0.010193784721195698
0.009453949518501759
0.009381959214806557
0.009319011121988297
0.00917478371411562
0.009099766612052917
0.008989796973764896
0.008744870312511921
0.008627357892692089
0.008319160901010036
0.008271108381450176
0.008248557336628437
0.008127536624670029
0.008118823170661926
0.008040904067456722
0.00795004889369011
0.00791388563811779
0.007874244824051857
0.007796270772814751
0.007787664886564016
0.0077852727845311165
0.007763710338622332
0.007760350592434406
0.007759390398859978
0.007745455019176006
0.007739681284874678
0.007735348306596279
0.007728120777755976
0.007725710514932871
0.0077247461304068565
0.007709781639277935
0.00770929828286171
### epochs: 103900
