0.1027579978108406
0.006745523773133755
0.005844096187502146
0.005138610955327749
0.004696138668805361
0.004620516672730446
0.004552645608782768
0.004536045715212822
0.004534608218818903
0.004339777864515781
0.0043348390609025955
0.004298376850783825
0.004284487571567297
0.00427300576120615
0.0042566279880702496
0.004204343073070049
0.004196028225123882
0.004168136045336723
0.0041620987467467785
0.004137749318033457
0.0041351038962602615
0.004130371380597353
0.004127551801502705
0.004126084968447685
0.004120664205402136
0.00412055104970932
0.004105379804968834
0.004103564657270908
0.0041028838604688644
0.004099420737475157
0.004094476345926523
0.004077267367392778
0.0040754396468400955
0.0040749250911176205
0.004006645176559687
0.00400216830894351
0.003996171522885561
0.003996055107563734
0.003995356149971485
0.003995181061327457
0.003995122853666544
0.003995006438344717
### epochs: 105100
0.12998878955841064
0.00740873534232378
0.006116434000432491
0.005525241140276194
0.005346153397113085
0.005168429110199213
0.004840572830289602
0.004724757745862007
0.004606638103723526
0.004496400244534016
0.004473766777664423
0.004381584469228983
0.004257995169609785
0.004254001658409834
0.004237055312842131
0.004140842705965042
0.00411970354616642
0.004108894616365433
0.004106910899281502
0.004103735089302063
0.004102316219359636
0.004096693824976683
0.00407469691708684
0.004071038216352463
0.004058149643242359
0.004053269978612661
### epochs: 103900
