0.062402334064245224
0.00778401643037796
0.006426215171813965
0.005624763201922178
0.005611957982182503
0.005116770509630442
0.004941774997860193
0.004898000042885542
0.004892054479569197
0.0048503270372748375
0.004657106474041939
0.00462550250813365
0.004538919311016798
0.004538406152278185
0.004537072032690048
0.0045281341299414635
0.004519590642303228
0.004516034387052059
0.004515260923653841
0.00451201107352972
0.004509946797043085
0.004509791731834412
0.004495623521506786
0.004494276829063892
0.004482085816562176
0.004479955416172743
0.004474547225981951
0.004426363855600357
0.004421574994921684
0.004418308846652508
0.004417781718075275
0.00441319402307272
0.004412930458784103
### epochs: 103900
