0.15040379762649536
0.010999205522239208
0.009288178756833076
0.0075026084668934345
0.006788909435272217
0.00644376315176487
0.006324137561023235
0.0061400276608765125
0.005930783227086067
0.0056929802522063255
0.0056706881150603294
0.005398765671998262
0.00537525350227952
0.005325820297002792
0.005319521296769381
0.005316018592566252
0.0053146169520914555
0.005229826085269451
0.0052198441699147224
0.005214131437242031
0.005204119719564915
0.005203403532505035
0.005194805562496185
0.005188347306102514
0.00517612649127841
0.005157380364835262
0.005149428732693195
0.005148705095052719
0.005099997855722904
0.005097805988043547
0.005094882100820541
0.005088297184556723
0.005083169788122177
0.005079504102468491
0.005078036803752184
0.005076569505035877
0.00505966367200017
0.005056717433035374
0.005055244080722332
0.0050508202984929085
0.005038266535848379
0.005035307724028826
0.0050316075794398785
0.005028645042330027
0.0050264219753444195
0.005016778130084276
### epochs: 103900
0.1608264148235321
0.010998867452144623
0.009485028684139252
0.00919101107865572
0.008177344687283039
0.007715094834566116
0.0071225701831281185
0.006678261328488588
0.006278022658079863
0.00615033321082592
0.006147909909486771
0.006141847465187311
0.005924498662352562
0.005879051052033901
0.005551851354539394
0.005479583982378244
0.005402214825153351
0.005358594935387373
0.005250442773103714
0.005172526929527521
0.005116042215377092
0.005038266535848379
0.0050316075794398785
0.0050063710659742355
0.0049884808249771595
0.004985492676496506
0.004964526277035475
0.00494045577943325
### epochs: 103900
0.16341334581375122
0.01082165539264679
0.009024951606988907
0.007701563183218241
0.007417215500026941
0.007316076196730137
0.00679823150858283
0.006531617138534784
0.006252455059438944
0.0060025835409760475
0.005771615542471409
0.005585300270467997
0.005547152366489172
0.005541777238249779
0.005507387220859528
0.005294953938573599
0.005290730856359005
0.005259658209979534
0.005233386531472206
0.005213417112827301
0.005148705095052719
0.005142913665622473
0.005131310783326626
0.0051138573326170444
0.005106567405164242
0.005105108488351107
0.005099997855722904
0.005099267233163118
0.005094151012599468
0.005091224797070026
0.005087565165013075
0.005071430001407862
0.005069226026535034
0.005064814817160368
0.005064079072326422
0.005062607582658529
### epochs: 103900
