<<<<<<< HEAD
0.279085636138916
0.020828643813729286
0.01442703790962696
0.013576721772551537
0.01218503899872303
0.011930461041629314
0.01098768413066864
0.010079490020871162
0.009846164844930172
0.009673639200627804
0.009387516416609287
0.009237101301550865
0.009048037230968475
0.008955336175858974
0.008853253908455372
0.008579728193581104
0.008334819227457047
0.008304370567202568
0.008080649189651012
0.008025136776268482
0.008002824150025845
0.007856246083974838
0.007703013718128204
0.007654499728232622
0.0076408605091273785
0.007631103508174419
0.007627197075635195
0.007617422379553318
0.007609593216329813
0.007588022388517857
0.007489190436899662
0.007465275935828686
0.007461282424628735
0.007449290249496698
0.007417215500026941
=======
0.2644974887371063
0.017219271510839462
0.013852695003151894
0.012445186264812946
0.012254546396434307
0.011422546580433846
0.01121984887868166
0.010701884515583515
0.010517899878323078
0.010456802323460579
0.009805217385292053
0.009157714433968067
0.009100585244596004
0.0089902114123106
0.008782277815043926
0.008390058763325214
0.008246750570833683
0.007882756181061268
0.0078048668801784515
0.007764670066535473
0.007741606328636408
0.007733903359621763
0.007699144072830677
0.0076583921909332275
0.007646708749234676
0.0076330555602908134
0.007629150524735451
0.0075997961685061455
0.007564420811831951
0.007542720530182123
0.007534814067184925
0.007495156954973936
0.0074712615460157394
0.007467271760106087
0.007455288898199797
0.0074532898142933846
0.007437278516590595
0.00743126543238759
0.007423240225762129
0.007419224362820387
0.007409175392240286
0.007401125971227884
0.007387019228190184
>>>>>>> f60ed52ccb8acd11050102a0baf891a317615333
### epochs: 103900
0.3325555622577667
0.015591586008667946
0.012129883281886578
0.011538065969944
0.011350570246577263
0.011330860666930676
0.01044111605733633
0.009951538406312466
0.009463402442634106
0.008925335481762886
0.0087924525141716
0.00854840874671936
0.008273810148239136
0.008270207792520523
0.008108262903988361
0.007952391169965267
0.007890313863754272
0.00785814318805933
0.007797226309776306
0.007718474138528109
0.007646708749234676
0.007574263494461775
0.007564420811831951
0.0075090606696903706
0.007505090907216072
0.007503105327486992
0.007501118816435337
0.007481227163225412
0.00747724249958992
0.007469266653060913
0.007455288898199797
0.007451290264725685
0.007443286944180727
0.007441284600645304
0.007439281791448593
0.00743527477607131
0.007421232294291258
0.007417215500026941
0.007415206171572208
0.007413196377456188
0.007411186117678881
0.007385001517832279
0.007382983807474375
0.007368842139840126
0.007356698624789715
0.007354672998189926
0.007342506665736437
0.007338446564972401
0.007336415816098452
0.007332352455705404
0.007330319844186306
0.00732828676700592
0.00732421875
### epochs: 104800
