0.608027994632721
0.03583798184990883
0.025021733716130257
0.022918030619621277
0.021655699238181114
0.020426269620656967
0.020108653232455254
0.01932261697947979
0.01849677413702011
0.018191343173384666
0.01809278130531311
0.017672814428806305
0.017591683194041252
0.01740775816142559
0.01720108836889267
0.017145557329058647
0.01711772195994854
0.017110757529735565
0.017005931586027145
0.016984889283776283
0.016949759796261787
0.016765903681516647
0.01673031412065029
0.016723187640309334
0.016694650053977966
0.016687506809830666
0.016680361703038216
0.016644589602947235
0.0166302602738142
0.01662309095263481
0.01658000610768795
0.01656562089920044
0.01655842363834381
0.016551222652196884
0.01652238704264164
0.0165079515427351
0.016479039564728737
0.016464564949274063
0.016421066597104073
0.01640653982758522
0.016392001882195473
0.016362886875867844
### epochs: 104200
