0.3281518816947937
0.017887363210320473
0.014632152393460274
0.01318359375
0.013092858716845512
0.012260624207556248
0.011575458571314812
0.011010714806616306
0.010797531343996525
0.010731084272265434
0.010540543124079704
0.010455377399921417
0.010449674911797047
0.010392478667199612
0.010334965772926807
0.010311870835721493
0.010300303809344769
0.010288724675774574
0.01027713157236576
0.010236452333629131
0.01021896954625845
0.010207297280430794
0.010189764201641083
0.01017805840820074
0.010160475037992
0.010142860002815723
0.010125215165317059
0.010107539594173431
0.010083924047648907
0.010078011080622673
### epochs: 103900
