0.6339797377586365
0.03183204308152199
0.026025895029306412
0.02293882705271244
0.022370530292391777
0.02029159665107727
0.018778206780552864
0.01870187371969223
0.018644416704773903
0.018406325951218605
0.017920654267072678
0.01782728172838688
0.01776699721813202
0.017719967290759087
0.01753738708794117
0.017489740625023842
0.017428290098905563
0.017352886497974396
0.017270253971219063
0.01716640219092369
0.01701994612812996
0.016984889283776283
0.016921604052186012
0.01691455952823162
0.016836855560541153
0.016822688281536102
0.016801416873931885
### epochs: 103900
