0.39842718839645386
0.016479039564728737
0.014554549008607864
0.012236293405294418
0.011187928728759289
0.01025390625
0.00986279733479023
0.009648961015045643
0.009186957031488419
0.009069421328604221
0.008930342271924019
0.0087890625
0.008707301691174507
0.00865925196558237
0.008652365766465664
0.008610934019088745
0.00859707873314619
0.00854143314063549
0.008534451946616173
0.008485423400998116
0.008478396572172642
0.008450228720903397
0.008400708436965942
0.008393609896302223
0.008379396051168442
0.008372279815375805
0.0083151301369071
0.00830078125
0.008286407217383385
0.00825758557766676
0.008250364102423191
0.0082431361079216
0.008235902525484562
0.008228661492466927
0.008199636824429035
0.008192364126443863
0.008170507848262787
0.008155904710292816
### epochs: 104600
