0.14839112758636475
0.0014455318450927734
0.0004756450653076172
0.00040912628173828125
0.0003821849822998047
0.0003750324249267578
0.0003161430358886719
0.00026917457580566406
0.0002574920654296875
0.00024259090423583984
0.00023627281188964844
0.00021970272064208984
0.00021207332611083984
0.00020968914031982422
0.00020575523376464844
0.00019025802612304688
0.0001857280731201172
0.00017404556274414062
0.00017178058624267578
0.0001703500747680664
0.00015783309936523438
0.00015044212341308594
0.0001499652862548828
0.00014793872833251953
0.00014352798461914062
0.0001392364501953125
0.0001385211944580078
0.00013756752014160156
0.00012826919555664062
0.00012385845184326172
0.00011861324310302734
0.00011801719665527344
0.00011706352233886719
0.00011444091796875
0.00011205673217773438
0.00011098384857177734
0.00010955333709716797
0.00010919570922851562
0.0001087188720703125
0.00010824203491210938
0.00010657310485839844
0.00010585784912109375
0.00010514259338378906
0.00010442733764648438
0.00010323524475097656
0.00010156631469726562
0.00010037422180175781
9.930133819580078e-05
9.906291961669922e-05
9.882450103759766e-05
9.703636169433594e-05
### epochs: 103900
