0.4568376839160919
0.02551240287721157
0.019267011433839798
0.01630450040102005
0.015065672807395458
0.014558644033968449
0.014007801190018654
0.013593174517154694
0.01323773618787527
0.013074636459350586
0.013019816018640995
0.012760872952640057
0.012553672306239605
0.012458350509405136
0.012333330698311329
0.012265484780073166
0.01221679337322712
0.012177699245512486
0.01212865486741066
0.012099132873117924
0.012089275754988194
0.012029965408146381
0.012000201269984245
0.011970361694693565
0.011950427666306496
0.01194044854491949
0.011890425346791744
0.011850254610180855
0.01184019073843956
0.011830118484795094
0.011809947900474072
0.011789742857217789
0.01176950242370367
0.011749227531254292
0.011708573438227177
0.011677988804876804
0.011667776852846146
0.01164732500910759
0.011637085117399693
0.011626836843788624
0.011616579256951809
0.011596037074923515
0.011575458571314812
0.01156515534967184
0.011554843746125698
0.011544521898031235
0.0115341916680336
0.011523851193487644
0.011503143236041069
0.01149277575314045
0.01148239802569151
0.011472011916339397
### epochs: 103900
