0.05578989535570145
0.004970662295818329
0.003161393105983734
0.0026757270097732544
0.0018970072269439697
0.001591615378856659
0.001553073525428772
0.001525484025478363
0.0015220493078231812
0.0015207678079605103
0.0015198886394500732
0.0015196055173873901
0.0015194639563560486
0.0015049129724502563
0.0015044435858726501
0.00150405615568161
0.0015040487051010132
0.0015040412545204163
### epochs: 103900
0.2194187492132187
0.04285615682601929
0.042524028569459915
0.04251544550061226
0.04250405356287956
0.042158905416727066
0.0421588160097599
0.03984067216515541
0.03983711823821068
0.03983665257692337
0.03983655571937561
0.03973468393087387
0.03973308950662613
0.03973299637436867
0.03968740254640579
0.03967059776186943
0.0396699421107769
0.03966984525322914
### epochs: 103900
