0.00531819649040699
0.0006635859608650208
0.0004931595176458359
0.0004846695810556412
0.00048387423157691956
0.00048378249630331993
0.00048143090680241585
0.0004814104177057743
0.000481409952044487
0.000481391791254282
0.0004803384654223919
0.0004797014407813549
0.0004795254208147526
0.00047925813123583794
0.0004791128449141979
0.0004790583625435829
0.0004789796657860279
0.00047326507046818733
0.00047255633398890495
0.0004720361903309822
0.0004714406095445156
0.000471439678221941
0.0004714392125606537
0.00047143828123807907
0.00047143781557679176
### epochs: 103900
0.2633678913116455
0.06680001318454742
0.05606736242771149
0.055176861584186554
0.05504274740815163
0.04768935590982437
0.04182435944676399
0.04179156944155693
0.04177730530500412
0.04177587851881981
0.04177302494645119
### epochs: 103900
