0.013142785057425499
0.0007422827184200287
0.000524099450558424
0.0004755607806146145
0.0004449179396033287
0.00041654519736766815
0.00041250651702284813
0.0003968966193497181
0.0003962772898375988
0.0003858874551951885
0.00038534076884388924
0.00038079405203461647
0.0003747199662029743
0.0003746515139937401
0.0003712340258061886
0.00036930525675415993
0.00036771176382899284
0.00036756834015250206
0.0003671632148325443
0.00036713993176817894
0.00036611733958125114
0.0003657601773738861
0.000365652609616518
0.00036453502252697945
0.0003642179071903229
0.00036357901990413666
0.0003627748228609562
0.00036277342587709427
0.00036253733560442924
0.0003624516539275646
0.00036225374788045883
0.0003622467629611492
0.00036223698407411575
0.0003621261566877365
0.0003614635206758976
0.00036038411781191826
0.00036022206768393517
0.00036020250990986824
0.00035997480154037476
0.0003599538467824459
0.000359946396201849
0.00035994453355669975
0.00035994360223412514
0.0003599217161536217
0.0003599156625568867
0.00035991473123431206
### epochs: 105000
0.12888896465301514
0.02823769859969616
0.023071158677339554
0.02203346975147724
0.021767014637589455
0.021710271015763283
0.020471563562750816
0.020062550902366638
0.019516808912158012
0.019467249512672424
0.019345063716173172
0.01902025006711483
0.018928170204162598
0.018698211759328842
0.018430786207318306
### epochs: 103900
