0.013021457940340042
0.00043320702388882637
0.00036449404433369637
0.00034801336005330086
0.00034143170341849327
0.0003136792220175266
0.00030681537464261055
0.0003053438849747181
0.00030215969309210777
0.0003010611981153488
0.00030023278668522835
0.000299608800560236
0.0002990276552736759
0.00029809679836034775
0.0002976362593472004
0.0002972199581563473
0.00029674870893359184
0.0002961973659694195
0.000295508187264204
0.00026461342349648476
0.0002631288953125477
0.00026269955560564995
0.00026247696951031685
0.00026220129802823067
0.0002620182931423187
0.0002618604339659214
0.00026173703372478485
0.00026161130517721176
0.0002615307457745075
0.0002614385448396206
0.00026143575087189674
0.0002613803371787071
0.00026126205921173096
0.00026121921837329865
0.0002611917443573475
0.00026115309447050095
0.0002611083909869194
0.00026106275618076324
0.0002610166557133198
0.00026100175455212593
0.00026099104434251785
0.00026096636429429054
0.00026093563064932823
0.0002604159526526928
0.0002604029141366482
0.000260393600910902
0.00026038987562060356
0.0002603852190077305
0.00026037823408842087
0.00026034144684672356
0.00025558052584528923
0.0002555381506681442
0.0002555190585553646
0.0002555069513618946
0.0002554953098297119
0.0002554892562329769
0.00025547994300723076
0.00025547295808792114
0.0002554655075073242
0.00025546131655573845
0.0002554571256041527
0.00025545014068484306
0.0002554473467171192
0.00025544548407197
0.00025544315576553345
0.0002551260404288769
0.00025489553809165955
0.00025481777265667915
0.0002547120675444603
0.0002546701580286026
0.00025464920327067375
0.00025464361533522606
0.00025154510512948036
0.00025089969858527184
0.00025078700855374336
0.00025075580924749374
0.00025074463337659836
0.000250739511102438
0.00025073857977986336
0.00025073718279600143
0.0002473187632858753
0.0002472768537700176
0.0002472526393830776
0.00024723494425415993
0.00024722423404455185
0.0002472163178026676
0.0002472107298672199
0.00024720607325434685
0.000247197225689888
0.00024718837812542915
0.0002471855841577053
0.0002471837215125561
### epochs: 103900
0.10952086001634598
0.019293688237667084
0.016633564606308937
0.01645527221262455
0.016376754269003868
0.016236670315265656
0.01620476134121418
0.016183728352189064
0.01617094688117504
0.016162177547812462
0.016051797196269035
0.016024183481931686
0.01600685529410839
0.015993351116776466
0.01598525419831276
0.015976352617144585
0.01596945896744728
0.015963420271873474
0.01595904491841793
### epochs: 103900
