0.18049828708171844
0.03923691809177399
0.03309974446892738
0.031118713319301605
0.028656769543886185
0.028457310050725937
0.02843530848622322
0.028432557359337807
0.028422467410564423
0.0284199770539999
0.028418665751814842
0.028418535366654396
0.0284184031188488
0.027956100180745125
0.027921967208385468
0.02791462652385235
0.02791249193251133
0.027911290526390076
0.02791062369942665
0.027910223230719566
0.027803506702184677
0.0278004240244627
0.027800023555755615
0.02779988944530487
0.027799755334854126
0.027596665546298027
0.027585865929722786
0.02758505567908287
0.0275843795388937
0.027583973482251167
0.027583569288253784
0.027583299204707146
0.027583163231611252
0.027423741295933723
0.02739030495285988
0.02737288922071457
0.02736717276275158
0.02736581116914749
0.027365267276763916
0.027365131303668022
0.027364859357476234
0.027364587411284447
0.027196625247597694
0.027026928961277008
0.027026239782571793
0.02702610194683075
0.027025964111089706
### epochs: 103900
