0.42919254302978516
0.04999818652868271
0.04920024052262306
0.049047358334064484
0.04899872466921806
0.048859853297472
0.048546552658081055
0.047095730900764465
0.04709320142865181
0.042466435581445694
0.042119741439819336
0.042116910219192505
0.04211408272385597
0.041624367237091064
0.041207004338502884
0.04120410978794098
0.041201215237379074
0.04119832441210747
0.041128817945718765
0.04112591966986656
0.04112302139401436
0.0410098135471344
0.0410039983689785
0.0410010889172554
### epochs: 104000
