0.15147113800048828
0.0038080215454101562
0.003570556640625
0.003547072410583496
0.003541707992553711
0.0035402774810791016
0.003539562225341797
0.0035092830657958984
0.0035037994384765625
0.003380298614501953
0.0033758878707885742
0.0033757686614990234
0.0015163421630859375
0.001489400863647461
0.0014892816543579102
0.001488804817199707
0.00148773193359375
0.0014874935150146484
0.0013434886932373047
0.0013386011123657227
0.0013382434844970703
0.001330256462097168
0.0013301372528076172
0.001307845115661621
0.0012968778610229492
0.0012967586517333984
0.0012958049774169922
0.001295328140258789
0.0012950897216796875
0.0012723207473754883
0.0012676715850830078
0.001267552375793457
0.0012674331665039062
0.0012538433074951172
0.0012537240982055664
### epochs: 103900
0.3681211471557617
0.050017260015010834
0.04835463687777519
0.04802066832780838
0.04712609574198723
0.03741012141108513
0.037405338138341904
0.03740374743938446
0.037292029708623886
0.03680131584405899
0.03678025305271149
0.036778632551431656
0.0367705300450325
0.03676890581846237
0.03662109375
0.03660481423139572
0.03654614835977554
0.03652983531355858
0.03652820363640785
0.036526571959257126
0.03652004152536392
0.03629739582538605
0.03629082813858986
0.036287542432546616
0.036216843873262405
0.03621026128530502
0.03600391373038292
0.03600060194730759
0.035997290164232254
0.03599563613533974
0.035899464040994644
0.03589780628681183
0.035896144807338715
0.0358944833278656
0.03546179458498955
0.035446662455797195
0.035443298518657684
### epochs: 103900
