0.44952037930488586
0.06273036450147629
0.06252098083496094
0.059568312019109726
0.05956430733203888
0.04392632097005844
0.04380130395293236
0.043746840208768845
0.04368412122130394
0.043678659945726395
0.04341311752796173
0.0434076264500618
0.04210558906197548
0.04210275784134865
0.04202340170741081
0.04194958508014679
0.04179584980010986
0.04177873209118843
0.04177302494645119
0.041770171374082565
0.041767317801713943
0.04142916202545166
0.04136868938803673
0.04136292636394501
0.041360042989254
0.04135427996516228
### epochs: 103900
