0.38122791051864624
0.03557087853550911
0.035050977021455765
0.035023756325244904
0.034988000988960266
0.03497777879238129
0.03497607260942459
0.0349726639688015
0.031054841354489326
0.03105100244283676
0.031049082055687904
0.03104524314403534
0.031043322756886482
0.031039481982588768
0.0309895146638155
0.030987592414021492
0.030985668301582336
0.030981820076704025
0.030672458931803703
0.03066857159137726
0.030664684250950813
0.030500972643494606
0.02937408536672592
0.029370026662945747
0.029367996379733086
0.029064016416668892
0.029047604650259018
0.029043501242995262
0.02904144860804081
0.028507011011242867
0.02850492112338543
0.028500739485025406
0.02849864773452282
0.028496555984020233
0.028494464233517647
0.02849237248301506
0.02848818711936474
0.028486095368862152
0.028484003618359566
0.02838338166475296
0.028381282463669777
0.028379181399941444
0.028370779007673264
0.028324522078037262
0.02831820771098137
0.0278041772544384
0.02776341512799263
0.027759121730923653
0.027754826471209526
0.027614884078502655
0.027612725272774696
0.027610566467046738
### epochs: 104200
