0.6195867657661438
0.082045778632164
0.07993657886981964
0.07945192605257034
0.07942792028188705
0.07940690219402313
0.061091769486665726
0.0609765350818634
0.06097457930445671
0.060564592480659485
0.0605626255273819
0.06056065484881401
0.06055868789553642
0.06018549203872681
0.060183510184288025
0.06018153205513954
0.05992148071527481
0.05991949141025543
0.05988765135407448
0.05988366901874542
0.05977208539843559
0.05960032343864441
0.059598322957754135
0.05959632247686386
0.05959432199597359
0.05945613607764244
0.05943407863378525
0.059432074427604675
0.059430066496133804
0.05942806228995323
0.05942405015230179
0.059223100543022156
0.05906185135245323
0.059059832245111465
0.0590578131377697
0.059053778648376465
0.05870351195335388
0.058412399142980576
0.05840831622481346
0.0577886588871479
0.05775151401758194
### epochs: 103900
